"CHANNEL"	"m2"
"Evt-"
"No comment"
"Memory"

1.54473
3.95683
6.05773
7.87923
10.24013
12.00653
14.92473
17.26783
19.52623
21.56273
23.71023
25.72933
28.00953
30.26263
32.15733
34.46753
35.81343
36.68543
37.51553
39.12073
41.42303
43.41633
45.52883
47.88323
50.18182
52.27393
54.62033
56.74933
58.64763
61.17323
63.38863
65.62623
67.65403
69.04583
70.30983
71.69893
74.07623
76.34073
78.94754
81.04023
83.37243
85.03873
85.99002
88.19063
90.25153
92.07583
94.29523
96.62593
98.23163
100.26423
102.26343
104.16733
105.90173
106.84223
108.90743
111.07573
113.17783
114.06293
115.74813
118.14893
120.81223
122.81912
125.17733
127.38753
129.85373
132.28563
134.89573
137.34833
139.58873
141.93643
144.25443
145.57033
147.18573
148.60313
150.60053
154.07853
155.83213
158.11863
159.86113
160.75543
162.90373
165.14793
166.32173
167.29603
170.02013
172.49033
174.88183
177.28903
178.55603
179.79273
182.08073
184.16523
186.28923
189.26823
190.87683
193.14213
194.00073
195.77333
198.39783
200.00403
200.84863
203.08223
205.43533
208.23523
210.73393
213.45703
215.62093
218.17783
220.56413
223.09363
225.55583
227.75003
229.01683
230.33283
232.85033
235.02433
237.40973
240.04903
242.84973
245.05563
247.06943
249.31273
251.54253
253.59133
256.06263
257.47713
258.59993
261.20733
264.05073
265.98463
267.56613
268.67463
270.91713
273.16873
274.88493
275.84333
277.14753
278.16063
279.47783
280.38663
282.56483
284.69023
287.13163
287.84863
290.08873
292.32443
293.88753
294.76653
297.01883
299.17563

"CHANNEL"	"m4"
"Evt-"
"No comment"
"Memory"

1.62683
3.08423
4.51513
6.34413
8.29673
9.95373
11.13703
13.22653
14.78123
15.40823
16.49193
17.80173
18.77373
20.21303
21.29893
23.00623
24.86574
25.84203
28.16253
29.82823
32.38423
34.61213
37.04063
39.34763
41.17053
42.69733
44.04003
45.51303
47.48853
47.91343
50.30433
51.16804
53.80023
55.85493
57.48463
57.87313
60.51543
61.43393
64.80883
68.02493
70.63843
73.10533
76.05333
78.72233
81.50483
84.39133
88.36073
91.09493
95.24013
99.20103
104.32573
106.96473
111.04233
113.40653
116.66683
120.69293
123.77013
125.93853
128.99673
131.00283
134.25583
135.19533
137.83193
138.36783
141.20803
143.58773
145.88923
149.46583
153.60603
155.39833
156.82673
158.32913
159.65953
160.08923
162.23403
164.59463
166.68463
168.75963
171.47823
174.49733
177.06573
180.58363
183.31923
184.58833
186.90783
189.30193
191.57123
192.68823
194.66253
196.02943
196.25653
198.38103
198.93803
200.82143
203.22603
206.17773
209.44623
211.39873
215.26783
218.15933
220.19223
222.41623
225.41863
227.87673
230.69563
232.14613
232.51423
235.01473
237.23093
240.63933
242.58493
246.14083
250.18873
250.58903
254.04833
257.92103
259.70523
263.19743
266.65563
269.54953
271.94523
272.26753
276.17843
279.54523
280.58983
283.84623
285.47233
285.82103
288.57753
290.32933
291.90913
293.83643
294.31013
296.58253
299.78643

"CHANNEL"	"m6"
"Evt-"
"No comment"
"Memory"

1.63383
3.09333
4.56953
6.35603
8.43663
10.01303
11.14873
13.23843
14.83033
15.43003
16.53433
17.88673
18.76883
20.26043
21.12853
23.00893
24.90083
25.84393
28.19893
30.05793
32.30793
34.57773
37.06253
39.36343
41.18523
42.75263
44.06893
45.55163
47.82013
50.33013
51.00323
53.83283
55.86093
57.64193
60.54043
61.74023
64.81303
68.04934
70.66733
73.11323
76.08673
78.59053
79.06443
81.55213
84.38453
87.23703
88.40993
91.26663
95.38553
99.22103
102.67413
104.26613
106.99913
110.13593
111.05923
113.41833
116.64003
120.69293
123.76963
126.00323
129.01213
131.02383
134.11683
135.16143
138.25583
141.22013
143.52913
145.99354
149.22233
153.56913
155.39983
156.84873
158.36133
159.67573
160.08603
162.25863
164.58173
166.69373
168.78283
171.63883
174.55893
177.07403
180.60573
180.95253
184.49123
187.18113
189.17523
191.60463
192.78973
194.69553
196.23733
198.45923
198.90813
200.82823
203.24943
206.38273
209.46083
211.38653
214.33573
215.29873
218.11623
220.20263
222.42423
225.72223
228.06113
230.72043
232.17403
232.52833
235.00153
237.26043
240.67113
242.60353
245.78303
246.15703
249.58283
250.62143
254.07323
257.88763
259.74463
262.91643
266.74363
269.37623
271.96583
272.27303
276.34393
279.63473
280.60993
283.76813
285.87333
288.58613
290.22853
291.93143
294.34133
296.63803
299.81713

"CHANNEL"	"m8"
"Evt-"
"No comment"
"Memory"

1.67823
3.08943
4.51253
6.36813
8.46023
11.17083
13.22853
14.90373
16.50963
18.04403
18.74633
21.13353
23.07743
25.00543
25.79933
28.25283
30.04543
32.39433
34.64803
37.13093
39.36063
41.21873
44.12853
45.68593
47.81093
50.38383
51.02363
53.86893
55.88163
57.84903
60.55743
61.60903
64.78913
68.06613
70.68003
73.09513
76.10523
79.07613
81.62293
84.42793
88.42723
91.25203
91.55003
95.35833
99.23533
104.26103
106.99303
111.02213
113.28843
116.64343
120.66573
123.74323
126.04153
129.03133
131.02163
135.28673
138.20973
141.32793
143.57073
146.07643
149.23533
153.68823
155.33733
156.69923
157.41463
158.54463
159.62583
160.06183
162.28953
164.68193
166.74713
168.82023
171.79413
174.70933
177.21773
180.95933
184.63633
187.23793
189.23773
191.65863
192.79943
194.85723
196.27653
198.90063
200.90523
203.29533
206.39973
209.45213
211.37533
215.45683
218.18533
220.27643
222.40173
225.59203
228.18623
230.86713
232.52523
234.98813
237.32213
240.61113
242.42803
246.16532
250.63103
254.06473
257.88443
259.90613
262.90393
266.74813
269.45293
272.29023
276.02373
280.68913
283.78473
285.80523
286.15253
287.96693
288.64343
290.11433
291.85633
293.79553
294.34583
296.63483
299.77523

"CHANNEL"	"m10"
"Evt-"
"No comment"
"Memory"

1.59113
3.05433
3.43573
4.50753
6.30393
8.23913
9.87073
11.12623
13.19533
14.77303
15.40733
16.45873
17.79283
18.83793
20.19973
21.25253
22.96043
24.76803
25.79813
28.13493
29.79033
30.15273
32.38323
34.41723
37.00613
39.32563
41.16063
42.71083
44.02313
45.50043
47.43303
47.90723
50.31203
51.14033
53.78013
55.85253
57.68673
60.51643
61.42583
64.81203
68.04803
70.61293
73.07213
75.89103
78.71843
81.54793
84.18373
88.39463
91.09153
91.54513
95.17643
99.30763
102.48733
104.36042
107.10773
111.04313
113.05333
113.38273
116.62163
120.61533
123.75223
125.90503
128.98533
130.99513
135.21023
137.96943
138.30593
141.19053
143.60312
145.97823
149.08003
149.52363
153.40843
153.65863
155.40803
156.82163
158.29963
159.65143
160.05443
162.04533
164.53523
166.66473
168.76393
171.45773
171.70413
174.45963
177.05773
180.58463
180.97323
184.60213
186.81803
188.98813
191.53493
192.73933
194.36103
196.22213
198.36833
198.93853
200.79373
203.21283
206.15243
209.44213
211.31643
214.27103
215.28223
218.12573
220.17603
222.40943
225.39753
225.77783
227.86683
230.69833
232.11603
232.52253
234.99773
237.24403
240.59643
242.47213
246.13753
249.00803
250.17073
250.61483
253.88133
257.94163
259.67433
263.09563
266.55643
269.52473
271.91763
272.26723
275.86043
276.14973
280.56823
283.75183
285.43893
285.95213
288.55873
290.30253
291.88573
293.81063
294.19323
296.57273
299.77853

"CHANNEL"	"m12"
"Evt-"
"No comment"
"Memory"

2.10173
3.46413
4.85733
6.66443
8.82153
11.50493
13.65843
15.22473
16.97363
18.19583
19.03833
21.45693
23.25073
25.33823
26.11113
28.51233
30.38023
32.68003
34.87863
37.44353
39.68833
41.53343
43.23793
44.36323
48.07473
51.33163
54.32923
56.18383
58.13683
60.99863
61.73763
65.09513
68.34363
71.12713
73.37933
76.36973
79.29133
81.98963
84.63033
88.69313
91.75513
95.59413
99.50833
104.47423
107.36173
111.32203
113.64063
116.90833
120.97023
124.08033
126.43223
129.40053
131.53263
135.47633
138.53753
141.52063
143.90923
146.23413
149.51093
153.86093
155.71923
157.16443
158.69133
160.26913
162.57403
164.97163
167.03623
169.08243
171.98953
174.95063
177.48293
181.07723
184.87823
187.44873
189.63753
191.85703
192.92513
195.03039
196.58223
199.17823
201.28903
203.47483
206.60203
209.93703
211.55513
215.60273
218.43873
220.80893
222.79723
225.87823
228.36523
231.18303
232.74413
235.38203
237.50983
240.94603
242.71253
246.39543
250.77923
254.30943
258.08763
260.05303
263.20983
266.87583
269.88993
272.53843
276.55283
280.88913
284.01383
286.30623
289.01423
290.50683
292.22903
294.54003
296.90753
300.04903

"CHANNEL"	"m14"
"Evt-"
"No comment"
"Memory"

1.77193
3.27463
4.64103
6.51223
8.42253
9.99703
11.24343
13.30503
14.90943
16.55973
17.88903
18.94733
21.28453
23.09793
24.97333
25.92123
28.31453
30.23243
32.50363
34.57123
37.11923
39.47053
41.32463
42.79343
44.12863
45.74823
47.58313
51.26473
53.89803
56.00303
57.90553
60.66513
61.51573
64.90633
68.10113
70.83803
73.23313
75.94423
79.10093
81.72013
84.49373
88.51293
91.63013
95.47193
99.36413
104.44343
107.18013
110.21643
111.17263
113.48373
116.84543
120.77193
123.93373
126.05863
129.12103
131.18463
135.29533
138.45233
141.35833
143.68543
146.09053
149.58673
153.74793
155.60413
157.02333
158.45103
160.20473
162.33023
164.77303
166.78583
168.94933
171.77713
174.67473
177.27753
180.68513
184.70103
187.19993
189.41383
191.65623
192.81783
194.70293
196.39303
198.51733
198.99913
201.05263
203.36883
206.46643
209.67693
211.37223
215.35203
218.20233
220.49133
222.53273
225.89293
228.33363
230.87673
232.63663
235.14703
237.32563
240.76063
242.60033
246.18853
250.79513
254.15833
257.93283
259.84663
263.18483
266.71403
269.71383
272.41253
276.32193
280.80503
283.90593
286.19203
288.66753
290.50393
292.07413
294.30243
296.71213
300.03103

"CHANNEL"	"m16"
"Evt-"
"No comment"
"Memory"

1.92383
3.37093
4.76523
6.52833
8.63603
10.20333
11.36223
13.44323
14.98653
16.79903
18.06373
19.00913
21.34283
23.19323
25.14363
25.97363
28.34963
30.27003
32.74933
34.71733
37.32633
39.57383
41.41863
43.06163
44.18023
47.88643
51.29093
54.16533
56.19013
57.95333
61.01583
61.66563
65.05323
68.21123
71.07433
73.32993
76.32163
79.19113
81.87413
84.53853
88.59973
91.69453
95.51213
99.48183
104.38503
107.34043
111.25353
113.59273
116.80953
120.87093
124.03883
126.22243
129.24943
131.35123
135.34303
138.54213
141.52863
143.75213
146.28143
149.56823
153.79403
155.76793
157.24023
158.61063
160.06853
162.46293
164.95543
167.05473
169.04853
171.75513
174.90083
177.40153
180.98033
184.78653
187.33213
189.65463
191.75413
192.86973
194.85543
196.56143
198.96403
201.40563
203.47903
206.57053
209.89773
211.44013
215.51793
218.29903
220.70973
222.77653
225.76623
228.31093
231.17063
232.56883
235.37523
237.40163
240.84383
242.65973
246.30233
250.69113
254.20993
258.07563
260.03233
263.30173
266.81923
269.94563
272.41133
276.50403
280.78413
283.97503
286.23983
288.86443
290.54383
292.19273
294.41113
296.83143
300.03243

"CHANNEL"	"m18"
"Evt-"
"No comment"
"Memory"

0.07393
1.78963
3.38833
4.66093
6.43393
8.55493
10.19293
11.25593
13.36083
14.95163
16.65703
17.98303
18.90423
20.44583
21.22373
22.91783
25.85893
28.20303
30.20993
32.32073
34.58213
37.15693
39.45333
41.26953
42.88853
44.13333
45.73233
47.77373
51.27503
54.04293
55.94873
57.86133
60.73633
61.66523
64.83733
68.17133
70.84303
73.14713
76.21763
79.15953
81.70913
84.43723
88.60983
91.65723
95.39423
99.15293
104.32253
107.28843
111.22303
113.49473
116.74543
120.78143
123.85543
126.07413
129.17993
131.20743
135.37003
138.34913
141.37203
143.82063
146.09923
149.32613
153.79723
155.47053
157.03373
158.54443
160.06583
162.44113
164.77513
166.98533
168.92953
171.55583
174.78003
177.28173
180.78363
184.74713
187.36233
189.35173
191.70753
192.88753
195.02493
196.39073
199.08323
201.13363
203.30803
206.38443
209.69983
211.32723
215.45603
218.29643
220.37583
222.63683
225.61863
228.24003
230.95573
232.57313
235.12563
237.38283
240.69063
242.53843
246.28983
250.68113
254.22903
257.98193
259.93223
263.09183
266.77233
269.70173
272.38693
276.13393
276.53663
280.73083
283.88303
286.28543
288.82133
290.39873
292.10293
294.19223
296.72993
299.90743

"CHANNEL"	"m20"
"Evt-"
"No comment"
"Memory"

0.06523
1.60933
3.17433
4.60603
6.21013
8.36753
9.89203
11.19373
13.23003
14.82443
15.18333
16.59843
17.84543
18.93103
20.27643
21.18813
23.04073
24.89983
25.79103
28.16423
29.82113
30.21733
32.35413
34.03173
37.01083
37.89623
39.51673
41.22403
42.63203
44.01533
45.45863
47.44513
47.90803
50.36243
51.07323
53.81223
55.87113
57.30553
57.56593
57.94154
60.57863
61.38443
64.58543
67.75013
70.42383
73.11223
75.67963
78.91783
81.53163
84.58073
85.02063
88.36753
91.58013
94.59893
95.06653
95.54393
96.50543
99.11573
100.83913
103.96273
107.17683
109.92163
111.32223
113.17663
113.48993
116.79343
119.65483
120.66113
121.62673
123.79253
125.79833
127.44624
129.06333
131.08733
134.56343
135.12053
138.37293
139.35843
141.25853
143.41763
146.01033
149.61043
153.43453
155.44463
156.90183
158.35643
159.83073
162.29573
164.77893
166.60933
168.84663
171.09933
171.49983
174.58383
177.18173
180.61593
184.43733
186.81153
189.27153
191.52063
191.87963
192.61323
194.56954
196.27893
198.33173
198.91233
200.90353
203.24393
203.96663
206.35903
206.96283
209.64823
211.27133
215.04753
217.87813
220.44063
222.38153
225.01813
225.37303
228.02513
230.89483
232.58863
234.78963
236.93013
239.68343
240.64783
242.35933
245.90153
250.14213
250.76913
254.02773
257.83253
259.68693
263.17043
265.69313
266.53033
269.61893
272.42853
275.86224
279.23193
280.45423
280.79743
283.63163
285.45873
286.00613
288.63743
290.44013
291.88703
293.41703
296.44323
297.23763
299.96333

"CHANNEL"	"m22"
"Evt-"
"No comment"
"Memory"

0.06913
1.62223
3.32333
4.59343
6.38193
8.35153
9.89663
11.23013
13.26423
14.82563
15.32623
16.61533
17.85363
18.95043
20.29503
21.22313
23.07603
24.94623
25.85813
28.25423
30.21553
32.45983
34.51613
37.09323
39.50653
41.27083
42.78943
44.04263
45.63723
47.49383
47.95933
51.25913
53.84773
56.12893
57.94973
60.70553
61.46303
64.85123
68.02943
70.66403
73.23033
75.88863
79.09533
81.61133
83.08493
84.62183
88.42833
91.61243
95.16743
99.30253
100.98153
104.17973
107.18883
110.08603
111.35233
113.44733
115.79943
116.78183
120.75303
123.85523
125.87023
129.31133
131.25213
134.25363
135.20443
138.41182
141.29363
143.68193
146.01973
149.57323
153.71913
155.54523
156.97593
158.54283
160.17153
162.37743
164.77233
166.74043
168.90133
171.01963
171.50803
174.62843
177.28583
180.68653
184.67313
187.17223
189.31003
191.62813
192.77643
194.63503
196.27223
198.45703
198.95493
201.04583
203.32463
206.39643
209.60183
211.30313
214.11813
215.30103
218.14283
220.26943
221.09623
222.48403
223.50663
225.86193
228.23313
229.77683
231.02833
232.68153
235.06723
237.26263
239.97953
240.72893
242.49223
246.11063
250.20093
250.79233
254.17693
257.86793
259.75693
263.12193
266.68363
269.60403
272.45293
276.22173
279.19713
280.75523
283.80673
285.52893
286.19103
288.66863
290.48173
292.05343
293.87973
294.23493
296.65373
297.34503
300.05073

"CHANNEL"	"m24"
"Evt-"
"No comment"
"Memory"

0.07213
1.68643
3.64293
4.62963
6.36573
8.37723
9.89143
11.27393
13.26663
14.84433
16.61263
17.97593
18.98403
20.40473
21.19123
22.96393
25.86943
28.33213
30.26243
32.47423
34.55833
37.10383
39.44613
41.32713
42.88773
44.03143
45.64753
47.56633
51.06293
53.90253
56.19153
57.92493
60.76033
61.49573
64.90863
68.19113
70.69443
73.22603
75.88713
79.07033
81.60633
83.21093
84.65493
88.59653
91.71703
95.31133
99.37933
100.85423
104.19413
107.19023
110.25563
111.36943
113.51583
116.86943
120.74173
123.94873
126.06023
129.31543
131.28103
134.21813
135.33773
138.41513
141.40443
144.26773
146.21463
149.71603
153.77153
155.97633
156.98023
158.48803
160.02943
162.45923
164.82483
166.77843
168.93003
171.50483
174.72263
177.35083
180.76673
184.75853
187.26113
189.39113
191.63083
192.86613
194.92323
196.41693
198.98503
201.06083
203.38393
206.41763
209.66283
211.32383
215.23853
218.28383
220.41763
222.47733
225.71383
228.18353
230.98613
232.63573
235.13163
237.25563
240.03583
240.71223
241.79423
242.49483
246.21619
250.22623
250.61094
254.20613
257.97453
260.10443
263.17283
265.71383
266.75143
269.78903
270.94293
271.46413
272.57153
276.23773
278.99213
280.77883
283.82143
285.24403
286.25513
288.75313
290.47793
292.16703
294.09163
296.66863
297.33763
299.99993

"CHANNEL"	"m26"
"Evt-"
"No comment"
"Memory"

0.07423
1.80973
3.46943
4.82393
6.46713
8.51293
10.05123
11.43513
13.47863
15.31173
16.85383
17.95273
19.11133
21.36223
23.19033
25.85243
30.34793
32.75123
34.20173
37.22823
39.75913
41.41493
42.95023
44.23513
45.65963
47.58653
51.36113
53.92533
56.21213
58.12963
61.53233
65.00423
67.75693
70.61793
73.37953
75.78073
79.11703
81.45963
83.28393
85.09233
88.56913
91.74633
95.18163
96.80863
99.48973
100.97973
104.17313
107.21453
110.01953
111.44333
114.05463
115.96053
116.93973
119.75843
121.70873
124.09453
125.88723
129.40543
131.47893
135.27423
138.63703
139.38753
141.56663
146.25933
149.73293
153.85473
155.43203
157.22573
158.59943
160.08333
162.76023
166.72833
171.45163
174.89593
177.44373
180.81613
184.96893
187.33993
189.54513
192.01023
194.82463
196.55943
198.64123
201.24183
203.99153
207.05543
209.91243
211.27693
215.19623
217.83863
220.53153
222.56673
225.64243
228.20473
231.11433
232.87453
234.87953
237.13233
239.91423
242.60483
246.20483
250.31233
254.16733
257.98003
259.91733
263.33623
266.74333
269.86743
272.68273
276.00973
279.27973
280.61853
283.73073
286.20953
288.86423
290.71213
292.20813
293.66883
297.40093
300.13353

"CHANNEL"	"m28"
"Evt-"
"No comment"
"Memory"

0.07343
1.97343
3.52363
6.41583
10.04713
13.38813
15.30543
19.51043
21.48083
24.62653
25.60423
30.29143
34.00803
37.91433
39.81743
41.26933
44.16993
45.49573
47.56373
51.34043
53.74623
56.12943
58.01403
61.34923
64.37383
67.52733
70.37943
73.29513
75.71493
78.99523
81.26853
85.00463
88.47113
91.48583
94.64013
96.43533
99.75263
100.83732
103.92793
107.15983
109.86703
111.41443
114.01993
116.93953
119.69333
121.69843
124.71893
125.56833
127.47603
131.61743
134.56223
136.64423
139.35373
141.91913
146.57233
149.64333
153.22323
155.29474
158.45033
160.01023
162.69053
166.42743
169.81623
171.37993
174.73673
176.40613
180.79763
184.97223
189.57233
192.00293
195.60933
198.28553
201.13653
203.98253
207.01843
211.05513
214.98843
217.72513
220.55363
222.55163
225.64373
228.04503
230.96543
232.89683
234.74973
237.08863
239.67943
242.56363
246.21733
249.20723
250.26473
251.01773
253.74073
257.57903
259.91443
260.71893
263.24663
266.64303
269.73483
272.63843
275.95183
279.24523
280.56913
283.54423
286.15583
288.05813
288.99683
290.64113
293.38533
297.24393
300.07533

"CHANNEL"	"m30"
"Evt-"
"No comment"
"Memory"

38.72393
110.19193
115.55743
153.96853
217.73333
221.27063

