"CHANNEL"	"m1"
"Evt-"
"No comment"
"Memory"


"CHANNEL"	"m2"
"Evt-"
"No comment"
"Memory"

132.53410
134.02950
136.42684
137.16949
140.91033
144.04269
145.90474
151.95849
157.12479
160.78829
164.35523
167.32400
174.09209
175.53423
179.70763
183.82018
193.28303
201.89368
205.00784
210.18749
214.92443
221.87902
238.68383
247.70013
259.89083
264.36933
283.01264
287.12233
299.55643
300.35399
332.00663
342.85783
349.73273
356.41389
357.81572
363.52893
369.82394
396.03949
401.80128
420.77243

"CHANNEL"	"m3"
"Evt-"
"No comment"
"Memory"

123.51712
124.40529
127.35563
127.76443
129.82129
132.05848
135.03488
139.69078
143.75119
147.22313
147.81933
149.11544
151.96769
153.97839
157.03852
158.86200
160.61903
166.23082
171.37630
186.67473
194.05769
196.25689
202.88512
228.89899
247.48082
248.80742
250.62413
252.03319
268.40704
270.53134
271.32752
272.05419
277.44194
279.62114
282.83709
286.93162
288.10455
293.07693
305.08893
314.79132
323.76879
328.04643
334.20484
351.18559
360.79140
365.36399
366.23899
370.52313
371.79132
379.76249
387.46654
389.31688
391.06204
397.57504
416.77954
425.90893

"CHANNEL"	"m4"
"Evt-"
"No comment"
"Memory"

122.19024
122.69173
123.08804
125.58663
127.37323
128.98970
129.84559
130.50634
132.08263
133.97913
134.84799
137.72764
138.03989
138.87514
139.28023
140.09022
140.99124
141.31579
142.26090
143.20793
143.99724
144.49962
145.56543
146.73943
147.87894
148.26482
148.72464
149.03522
149.64033
150.24403
151.29999
151.89738
153.35539
153.99793
155.14372
155.62523
157.13548
159.25084
160.02405
160.85982
161.83788
162.20094
163.28214
164.00155
165.30312
166.25563
167.33499
168.10574
168.99353
170.84619
172.80410
173.51330
174.04472
174.84412
175.81522
177.68433
178.23972
179.93554
181.70923
183.23354
183.88769
184.88558
185.60203
186.68063
187.60554
188.88053
189.50909
191.12962
191.83733
193.35674
194.11494
195.14691
196.39444
197.26643
197.98124
202.11964
203.07194
204.34679
205.28904
206.17739
207.06849
208.86694
210.25112
211.38424
212.80134
214.93873
216.47544
217.16650
217.91133
218.59744
221.00184
221.92522
222.97798
225.90474
227.35323
228.93037
231.42078
233.89544
235.76202
236.66038
238.71204
239.93574
241.71549
242.71818
243.59489
244.97224
246.28059
247.72158
248.84658
249.82978
250.85814
252.05192
253.17402
254.13458
255.51473
256.65474
257.82848
258.80764
260.05199
261.16233
262.93103
264.57152
265.70808
267.09280
268.46048
269.53323
271.43203
273.14440
275.28824
277.24089
278.43829
279.67302
280.77142
281.71729
282.90358
284.32429
285.39069
287.11863
288.16439
289.37943
290.65532
291.95944
292.96604
294.22794
295.84329
297.77053
300.24134
301.10593
302.49629
304.04923
305.26679
306.75062
307.89283
309.48372
311.93863
313.91513
315.03690
316.40444
318.78050
320.07418
321.30157
323.74983
324.64804
325.32388
326.68559
328.13554
329.66598
330.65428
332.05883
332.91259
334.17372
335.41288
336.92303
338.31703
339.86479
341.43580
342.87310
344.19279
345.07933
346.59522
347.72038
349.73872
351.25548
352.37442
353.87482
355.37023
356.68050
358.03888
359.72143
360.94369
362.18522
363.53752
365.41789
367.11218
368.83980
370.51267
371.83969
373.07794
373.95758
376.29149
378.58988
379.73734
381.36844
383.54509
384.94352
386.56174
387.51679
389.71569
391.41799
392.58948
394.09659
396.03382
397.66174
399.48750
401.74683
403.93942
405.45714
405.90012
408.37200
409.58709
411.42164
413.26569
416.80023
420.86062
422.61932
424.39933
426.02269

"CHANNEL"	"m5"
"Evt-"
"No comment"
"Memory"

138.14009
139.25494
141.35264
142.20698
143.18273
144.75272
145.51494
145.88409
146.32109
146.69653
147.33308
148.24043
149.07664
149.63543
150.21219
151.85729
152.22438
152.59769
154.23704
156.89509
158.23964
159.00294
161.21834
163.52423
164.40402
166.77592
167.28033
168.10319
168.88562
170.82102
171.46252
172.63554
174.28412
175.44503
176.50484
177.82304
179.36673
180.74844
181.64172
182.58024
184.83239
185.73569
186.82463
188.05924
188.91694
190.02792
192.54574
193.37084
195.08422
196.40822
197.23018
200.75992
202.22139
203.46614
205.22562
206.07828
206.98881
208.27815
208.83124
210.27592
211.43548
212.06679
214.37093
216.44804
218.61479
220.85934
222.89958
223.73369
226.00372
228.89840
231.51733
232.92469
233.93163
238.84094
240.66853
242.63789
246.17209
247.69923
248.80989
253.27384
256.76599
257.90011
260.09303
262.21814
264.53264
267.19614
268.40189
273.30683
275.79033
277.32903
279.64389
283.08733
284.38929
288.14909
289.28404
294.28713
295.87549
299.33884
302.84499
304.16914
306.63689
308.08643
309.61975
311.54549
315.07683
318.82172
320.17269
323.76654
328.14784
329.61948
331.97768
334.16259
336.53803
338.13593
341.43469
342.84188
345.29244
347.51982
349.84992
352.62684
355.66119
356.76609
359.47853
361.00403
362.18944
363.63864
365.24294
367.10543
369.18703
371.75588
373.93049
376.37364
378.53360
381.33118
383.63918
386.23619
388.69260
390.00312
394.42802
395.89269
397.65489
399.43162
401.63408
405.39445
409.71848
416.91309
419.83332
420.90271
422.34664
424.38753
426.17902

"CHANNEL"	"m6"
"Evt-"
"No comment"
"Memory"

138.60984
139.19564
139.90172
140.49729
141.31708
142.19239
146.67220
148.94123
150.09784
150.41634
150.84034
151.20204
151.82213
154.62329
155.90083
156.32209
158.69139
160.83664
167.51572
167.82699
171.62732
172.13259
175.47432
182.38533
184.02398
197.78213
202.95073
207.50813
209.52104
211.27763
212.06814
217.22792
230.55794
232.33969
235.36608
241.40724
248.30768
251.50944
262.87542
274.22744
278.98763
286.00993
290.05169
291.12753
300.06969
316.66603
319.80144
324.53733
325.03403
337.39664
339.59739
345.94632
348.27754
365.22902
366.77782
367.88779
371.62604
376.27354
377.26573
387.30033
393.32319
395.49763
405.48589

"CHANNEL"	"m7"
"Evt-"
"No comment"
"Memory"

135.55889
137.33454
138.08602
139.04170
139.38483
140.16989
141.40019
142.59482
143.63109
145.98298
146.38059
146.76193
147.84164
148.31634
149.08942
149.45433
151.05153
153.00828
154.69664
155.14299
156.51614
157.18743
158.30109
159.54060
160.89104
162.25709
163.48598
165.01284
165.56672
166.19279
167.36038
168.11443
169.08293
169.67411
170.44724
171.54828
172.68729
174.18444
174.81359
175.75608
176.49313
177.17355
177.72923
178.23944
179.70359
180.63032
181.73569
182.54344
183.11532
183.90832
184.85279
185.65743
186.67758
187.57243
188.92933
189.45742
189.88689
191.09594
191.82108
192.50914
193.39924
194.15989
195.15349
196.32338
197.20534
197.84572
198.53658
199.08102
200.19173
201.49253
203.05853
204.40303
205.23774
206.17462
207.45192
208.37444
210.28363
211.45033
212.06854
213.45330
214.99699
215.66689
217.12973
218.68692
220.03743
220.97392
221.81742
222.94629
225.00079
225.86509
227.33703
228.92563
230.71264
232.37473
233.82223
236.46979
237.65114
238.79614
239.88183
241.46463
242.69363
243.49013
244.96394
247.60403
248.83389
249.78853
250.91403
253.15248
254.20269
255.34142
256.81320
257.81048
258.83183
260.09853
262.06622
263.09404
265.69153
267.20973
268.38773
269.50088
271.47774
273.27172
274.28728
276.06843
277.28614
278.34068
279.61854
280.62284
281.88382
284.26633
285.44503
287.09183
288.34224
290.76602
291.94389
294.05844
296.61333
297.79125
300.29932
302.60332
304.14774
305.33518
306.80879
307.98142
309.44849
311.64668
314.88249
316.38929
318.78889
319.99893
321.36295
325.26718
326.69854
328.06478
329.59963
330.67941
332.89382
334.17409
336.88254
338.15039
339.92619
341.49355
342.91282
344.15894
345.24753
346.52374
347.75234
349.79503
352.57474
353.87632
355.34503
356.85173
358.05322
359.60409
360.95702
363.63988
365.73244
367.03123
368.15624
369.30228
370.58062
371.86112
373.96904
375.08973
376.35154
378.63920
379.74164
381.37723
383.65124
384.84113
386.55283
387.61333
388.71032
389.98744
392.65854
394.63013
396.06182
399.65270
401.77799
404.05804
405.48612
408.31228
409.54608
411.33773
413.09939
416.91449
420.84543
422.56435
424.39968
426.20770

"CHANNEL"	"m8"
"Evt-"
"No comment"
"Memory"

127.18544
128.00769
128.95474
132.02324
132.96324
135.52598
137.65120
138.50439
138.95630
139.74233
140.60143
140.99022
141.80723
142.55752
142.92669
143.28554
143.81933
144.50689
144.84222
145.96748
146.75723
147.50863
147.89844
148.29154
149.94168
150.40554
150.76384
151.46183
151.97003
152.33043
153.47834
153.99939
155.11468
155.71554
156.12114
157.17952
158.34454
159.29639
160.05379
160.56784
161.09879
161.85233
162.47442
163.34144
163.97204
164.56728
165.23074
165.74343
166.31319
167.39158
168.01599
169.03679
169.49284
170.74963
171.63909
172.79314
173.51324
174.02852
174.81755
175.78302
176.53102
177.67773
178.27172
180.10394
181.68582
182.49309
183.94974
184.91563
186.05872
186.73874
187.65053
188.87610
189.38794
191.86883
192.51258
193.39353
194.11062
195.22104
196.28474
197.17164
197.94483
200.16633
200.75949
202.11813
203.51243
205.23734
206.17219
207.66054
208.88144
210.29273
211.38008
214.21344
215.62413
216.40532
217.13658
217.87953
218.67593
219.39853
220.94088
222.90128
225.87909
227.35250
228.15584
228.90649
229.86144
231.46160
233.94290
236.67605
238.72270
239.68655
241.68763
242.70269
245.01549
246.28398
247.71778
249.85629
252.05993
254.18944
256.67839
258.02611
258.81263
261.12429
262.02355
263.24211
264.47064
265.62589
267.19084
268.52894
269.55092
271.38938
273.27509
274.35799
275.82249
277.33039
278.41563
279.77452
280.68813
281.87698
282.91102
284.32583
285.46399
286.91131
288.26123
290.68870
293.08374
294.04728
295.94229
296.61249
299.35440
300.30162
304.16314
305.27062
306.76834
307.91238
309.53962
311.00860
311.87888
313.86374
315.00402
316.56643
318.79603
320.12495
321.60309
323.74198
324.74010
325.30242
326.83079
328.16409
329.64899
330.68270
332.87439
334.16263
335.51208
336.95874
338.29558
339.87740
341.55089
343.00529
344.24654
345.53810
346.58989
347.76433
348.65554
349.68273
351.30854
352.31803
353.84943
355.46069
356.64819
357.98734
360.96772
363.65879
366.19272
367.10479
368.81859
370.47199
371.87124
373.07828
374.02354
374.77998
376.34879
378.60814
379.82932
381.42139
383.56019
384.89225
386.16351
387.64245
389.60913
389.97759
391.42100
392.62068
394.68313
396.03689
397.66114
399.75243
402.21059
403.95145
405.79513
408.33354
410.14414
411.81254
413.31073
416.79483
420.85964
422.58374
424.34163
426.02234

"CHANNEL"	"m9"
"Evt-"
"No comment"
"Memory"

124.39524
126.57078
127.37418
128.93903
129.87274
130.74423
132.01414
132.57772
132.91213
133.27262
134.01159
134.36288
134.79864
135.15102
135.46079
135.84260
136.51793
136.84522
137.18449
137.64793
138.01479
138.46053
138.89370
139.27604
139.74618
140.54883
140.95338
142.55610
143.78744
144.50703
145.61433
146.32569
146.78173
147.22209
147.56303
148.33383
148.70739
149.09272
149.51874
150.03163
151.46742
151.88873
152.29133
153.08374
153.95379
155.18572
155.73513
157.16249
157.96372
158.88993
159.28844
159.60223
160.08239
161.05998
161.83813
162.43613
163.38502
163.96563
164.47982
165.16114
165.72331
166.24229
167.39739
167.99253
168.60259
170.67329
172.83564
173.34803
174.03385
174.75953
175.88073
176.42142
177.68543
178.21068
178.95183
180.16423
181.59542
182.48428
183.15744
183.69314
184.86994
185.67013
186.03524
186.69762
187.38122
188.76175
189.27902
189.96393
191.09329
191.89659
192.42693
193.37183
194.12799
195.13324
196.28369
197.13122
198.38224
199.08799
200.08939
200.75773
202.16485
202.94773
203.51719
205.17524
206.12943
207.59753
209.42173
210.25419
211.97523
212.80723
214.09224
215.58953
217.11919
217.80973
218.60750
219.41935
220.92994
221.84363
222.61219
223.51972
227.23689
228.92403
229.75573
230.58132
232.17429
232.89762
233.93610
234.88083
235.74073
236.61862
238.74893
239.78574
241.64027
242.67080
246.26233
247.57823
248.86943
249.81224
253.15335
254.21868
255.45844
256.63169
257.88029
260.02719
261.05839
261.99999
264.38050
265.59064
268.38744
271.37099
273.12070
274.28732
275.91393
277.34973
278.42709
279.66643
280.69692
281.77524
282.93349
284.36068
285.51588
286.85100
288.09164
290.71968
293.03248
295.68998
296.61118
299.23209
301.05763
302.26102
304.00993
305.27453
306.42998
307.88989
309.44073
310.97219
311.70833
313.85689
314.97979
316.37913
318.64583
320.06293
321.58983
324.72003
325.22703
326.68518
328.07913
329.69873
330.60262
332.03699
332.69273
334.12789
336.86614
338.24002
339.88068
341.49994
342.86129
344.19348
345.44689
346.49643
347.71723
348.63494
349.63119
351.19249
352.34353
353.74603
355.15825
356.58930
358.01042
360.82394
361.98918
363.73193
365.29085
366.21799
367.14818
367.57813
368.71279
370.48394
371.81419
372.95759
374.01494
374.78244
376.28924
378.61928
379.76044
381.59824
383.15893
384.91557
386.16119
387.46914
388.52093
389.50114
391.35194
392.56849
393.90909
394.65493
395.99479
397.51250
399.62963
402.12975
403.83854
405.72973
408.27602
410.10064
411.77238
413.22772
416.73969
420.82163
422.46434
423.89278
424.30938
425.90144

"CHANNEL"	"m10"
"Evt-"
"No comment"
"Memory"

127.67402
132.95904
138.58889
140.64134
144.53355
148.32743
153.54829
155.72322
157.13495
159.62432
162.53671
164.00173
165.75574
168.02783
170.64892
173.37343
174.06794
176.63573
177.73772
179.07529
180.21759
182.74340
187.65694
192.60555
194.17773
197.30538
198.41802
203.53482
205.55904
211.06844
214.29279
221.03963
226.65412
234.06324
236.68853
238.80382
241.64652
246.36629
249.89463
254.34472
257.99844
260.18279
261.52522
277.40049
281.95849
283.08345
284.38569
285.66873
286.97939
288.26124
290.80369
295.74422
296.68209
299.33884
300.78024
302.28218
304.04154
305.41263
307.44844
309.52843
311.92982
315.02914
318.79653
321.65439
325.42708
326.81119
329.87274
332.27985
334.24473
335.41199
336.93429
338.44919
340.01769
341.65660
342.89704
344.30808
345.55973
346.59114
347.79404
348.68873
351.33647
352.64082
354.09972
355.31135
356.65143
358.13112
360.86399
362.03523
363.86049
366.26659
367.58939
368.76198
370.56918
371.86993
373.04558
374.84629
376.40702
377.82543
379.80678
381.63859
383.20363
384.80829
386.38479
389.62739
391.33020
392.72759
394.82572
396.20974
397.60931
399.82708
402.22738
403.88305
405.82082
410.05732
411.87634
413.31508
416.85642
420.89018
422.59429
424.39494
425.98922

"CHANNEL"	"m11"
"Evt-"
"No comment"
"Memory"


