"CHANNEL"	"m2"
"Evt-"
"No comment"
"Memory"

26.08813
41.63423
43.10483
44.08243
44.93963
46.70703
47.15313
48.39843
48.70903
49.41153
50.02383
50.58033
51.55503
52.59073
53.73533
54.30993
56.96883
57.54463
58.49353
59.24583
59.69283
61.63033
62.40233
64.45923
66.37623
66.79153
67.50853
69.54463
70.11594
70.60913
71.96303
76.98023
78.35953
80.47133
81.68413
86.44253
87.59043
92.22073
93.55393
96.36793
99.52773
101.12223
104.74843
106.40853
108.91743
110.21523
115.43313
117.06023
122.11713
125.15323
127.07493
133.12183
135.16773
151.97099
153.65253
157.65013
158.54823
163.90383
174.61643
180.16263
186.75333
191.94663
193.15343
203.94363
207.88933
223.18763
258.74203
264.11643
289.18072
297.76433

"CHANNEL"	"m4"
"Evt-"
"No comment"
"Memory"

6.04283
40.67353
53.87813
61.42403
62.00553
63.90713
64.63123
64.96263
65.35263
66.56713
67.63193
68.21813
69.26583
69.66743
70.36743
71.27463
71.67283
72.60063
73.99833
74.73993
75.55633
76.21453
76.61373
77.37833
77.70503
78.32103
79.02383
79.62573
79.90473
80.80084
81.39583
81.78433
82.81783
83.88223
84.25893
84.82743
85.23733
85.57563
85.97693
86.24263
86.78483
87.02943
87.53673
87.82233
88.33663
89.16363
89.55343
90.01583
90.67063
91.17593
92.09523
92.57863
93.05613
93.65313
94.30433
95.14793
95.78283
96.36773
96.95523
97.56313
97.87413
98.49193
99.06003
99.66213
100.07643
100.41723
101.14533
101.79823
102.09703
102.49792
102.94453
103.76963
104.89183
105.68613
106.15433
106.92383
107.43683
108.81313
109.25193
110.11923
110.60313
111.16843
111.77703
112.51743
113.64013
114.44863
115.11573
116.19153
117.06923
118.01373
118.62213
119.62013
120.85633
121.96413
122.71113
123.43623
124.07583
124.99383
125.68203
126.47063
127.45113
128.36323
129.28413
130.25753
130.99583
131.76913
132.45033
133.39453
134.02833
134.82713
135.67223
136.42123
137.21413
138.29673
139.50623
141.01053
142.40503
144.49883
146.10523
147.22903
148.90022
150.02303
151.32823
152.77973
153.88103
155.47723
157.05753
158.29123
159.41793
160.82503
162.17543
163.41703
164.49523
165.54153
166.94143
168.26273
169.92663
171.76443
172.80263
174.08983
175.30403
176.10233
176.86293
177.68113
178.53663
179.51423
180.62473
181.61083
182.52943
183.80683
185.01573
186.17492
187.74503
188.61473
189.76843
190.80363
192.02483
193.27513
194.70533
195.91739
197.03343
197.88513
199.45563
201.79403
202.78903
204.69873
206.15293
208.26143
209.83253
211.05493
212.58543
215.13263
216.72603
218.58113
219.62563
220.98573
222.99723
224.21843
225.42593
226.66063
228.41943
230.79263
232.19633
233.54693
234.92263
237.38203
238.97653
240.00363
241.70533
243.29013
244.99733
246.42383
247.64703
250.16403
252.88923
254.36063
255.52293
257.85033
259.65223
261.11203
263.04043
265.02993
267.98473
270.46613
272.05873
273.73893
275.80983
277.47543
279.70463
282.20223
284.33833
287.07523
287.99363
289.18663
290.43112
291.92273
295.27743

"CHANNEL"	"m6"
"Evt-"
"No comment"
"Memory"

19.57953
53.98163
68.97243
70.92713
74.04644
75.57603
76.22543
77.36793
78.36953
79.66173
80.47893
80.89863
81.39163
82.52173
83.22333
84.45473
85.92213
86.79263
87.53523
89.54543
90.03153
90.75183
91.60713
92.76793
93.11233
94.43353
95.37193
95.78593
96.16303
97.52863
99.07593
100.38383
101.03003
102.49533
103.74913
104.93093
105.67303
106.46523
107.44273
108.80293
109.47323
110.13153
111.16683
111.76123
112.54503
113.41693
114.44193
115.08633
116.24953
117.04913
118.01733
118.61013
119.63073
120.81113
121.93473
122.74613
123.43743
124.06933
124.99563
125.58153
126.40763
127.44913
128.30453
129.30203
130.26803
130.96803
131.76903
132.48293
133.40993
134.01153
134.80203
135.68252
136.28643
137.22643
138.22113
139.50243
141.01673
142.44433
144.52913
146.06183
147.25613
148.85493
150.02273
151.33903
152.77383
153.85743
155.65723
157.05623
158.32263
159.39873
160.97433
162.17113
163.43153
164.46963
165.56273
166.84803
168.29953
169.89093
171.74803
172.69092
174.08723
175.38053
176.07093
176.86673
177.63803
178.55523
179.49123
180.64693
181.58423
182.58173
183.77733
185.06923
186.19933
187.76313
188.61043
189.80503
190.76783
192.03813
193.23063
194.69833
195.91953
197.03663
197.88113
199.43553
201.79573
202.73393
204.81033
206.22453
208.29053
209.76023
211.01503
212.56933
215.15503
216.73203
218.56533
219.71703
220.99243
223.09933
224.25403
225.41243
226.68603
228.42113
230.77943
233.53593
234.92273
235.99253
237.37183
239.01423
240.98683
241.70293
243.27513
244.97773
246.42963
247.62453
250.12983
252.88913
254.36153
257.86993
259.65513
261.08903
263.00663
265.03333
267.99413
270.50163
272.11243
275.82193
277.44543
279.68243
282.18453
284.35193
285.80453
287.08183
287.95423
289.16033
290.40143
291.95423
294.33163
296.34123
298.70903

"CHANNEL"	"m8"
"Evt-"
"No comment"
"Memory"

26.96783
50.14483
62.90593
67.23393
70.58763
73.30483
75.37013
76.29183
79.08773
80.56053
82.10023
83.20283
86.28393
86.79943
87.38093
88.33933
89.86033
90.37483
93.19693
93.56133
94.00453
94.95613
96.18763
96.43103
97.56383
98.44533
98.91363
99.89574
100.40293
102.11303
102.53543
103.70443
104.27553
105.36153
105.62683
106.13073
106.96523
107.46513
108.35923
108.79803
109.22113
109.49023
110.13303
111.20653
111.80113
112.68773
113.43033
114.41922
114.99883
116.21703
117.06663
118.64053
119.80863
120.81003
121.04503
121.93703
122.68153
123.42593
124.05873
124.94073
125.66763
126.48163
127.42903
128.36773
129.29953
130.11063
130.96063
131.79093
132.47023
133.22933
133.94403
134.72963
135.67393
136.34213
137.17803
138.31173
139.50123
141.03153
142.43923
144.48763
146.12503
147.24523
148.88263
149.95183
151.31453
152.75983
153.90093
155.67639
156.99053
158.29433
159.45393
160.98803
162.21133
163.41633
164.51913
165.58683
166.91033
168.30253
169.97533
171.76943
172.83633
174.07183
175.38083
176.09303
176.87443
177.70463
178.57623
179.54263
180.61153
181.65393
182.54383
183.77283
185.10773
186.19573
187.76363
188.58223
189.78773
190.79653
192.03763
193.18493
194.70413
195.93063
197.15443
197.89353
199.42743
201.89233
202.77333
204.83883
206.23442
208.31443
209.84943
211.09193
212.58643
215.13913
216.73113
218.59263
219.70813
220.95643
223.01893
224.26483
225.37063
226.65893
228.39993
230.78903
232.24903
233.56463
234.93653
236.06073
237.38373
239.02044
240.03133
240.98013
241.69563
243.31503
245.02213
246.56953
247.63943
250.14973
252.94573
254.39063
255.47963
257.86553
259.68813
261.09663
263.11063
265.04093
267.99923
270.50413
272.17423
273.73603
275.81243
277.48813
279.70233
282.22753
284.39953
285.88543
287.07983
287.99273
289.21413
290.39133
291.97583
294.76713
299.37123

"CHANNEL"	"m10"
"Evt-"
"No comment"
"Memory"

48.89523
62.71623
66.72583
68.40263
68.68413
69.51563
70.13983
75.00783
76.27023
78.49393
79.98333
81.51903
82.65733
85.60203
86.29073
87.89363
88.43023
90.42863
92.02353
92.81613
93.24083
94.28293
94.75783
98.43213
101.32673
102.47903
107.09193
109.01543
111.61543
112.64633
113.35463
114.53033
116.26393
118.03333
118.63673
119.80093
121.05813
121.91513
122.70183
123.43123
124.97273
125.64433
127.54223
128.39013
129.36053
130.19633
130.95243
131.89763
132.49623
133.30443
133.97653
136.45023
138.31553
139.53423
141.05133
142.47483
144.47003
146.17523
147.24913
148.89143
150.04043
151.36433
152.76283
153.87973
155.69263
157.05353
158.39523
159.46013
160.94213
162.22423
163.42003
164.54523
165.59863
166.79363
168.31263
169.99223
172.87643
174.13723
175.42083
176.27423
178.62373
180.64963
181.61693
182.55943
183.82133
185.42353
186.17943
186.83973
187.73803
189.81733
190.79773
192.08103
193.75973
194.74313
196.02073
198.13803
199.36433
202.05233
202.92193
204.86753
206.26233
208.33773
209.84683
211.21433
212.62493
215.19263
216.74953
218.61363
219.99723
221.05723
223.13143
225.42473
226.80073
228.63663
230.91293
233.71913
235.00033
237.37113
239.38883
241.72893
243.40313
245.18703
246.62203
250.24173
253.07943
254.53703
255.68923
258.04693
259.69933
261.16443
263.23763
265.02513
268.00773
270.53573
272.26653
273.87813
275.90603
277.48123
279.91683
282.24163
284.41133
285.93283
287.02763
287.99133
289.15213
290.48343
291.89023
295.86013

"CHANNEL"	"m12"
"Evt-"
"No comment"
"Memory"

84.07703
87.90823
90.69883
96.19403
98.69773
106.65603
109.49363
114.04723
117.76523
120.37592
121.51353
124.06183
125.33033
127.95483
128.88203
129.70363
130.61293
132.11233
134.32393
135.16403
136.79463
137.47043
138.80722
139.93003
141.39633
142.82273
144.90013
146.64113
147.60903
149.26203
150.31343
151.74143
153.18593
154.12093
155.96773
157.33843
158.71443
159.76843
161.30483
162.51353
163.68103
164.84413
165.80323
167.19503
168.70973
170.30223
172.16003
173.04453
174.45003
176.40433
178.86223
181.02813
182.87743
184.02733
185.45453
186.37203
188.08063
188.75653
191.08043
192.42063
193.44873
195.00453
196.24763
198.13573
199.70183
201.01043
202.30573
203.05373
205.11673
206.45093
208.57883
210.15913
211.33603
212.85463
215.44223
217.06653
219.13443
219.98573
221.43183
223.30433
224.36783
225.64463
227.16333
228.73853
231.20933
232.67173
233.91603
235.29763
236.42103
237.82343
239.48033
240.25993
242.00263
243.71323
245.35903
246.89543
250.53133
253.20973
254.85793
255.77863
258.21113
260.08763
261.50743
263.66663
265.46263
268.31573
270.89213
272.44123
274.09363
276.29903
277.73233
280.07763
282.51083
284.80633
286.13973
287.28443
289.62173
290.85153
292.45613
295.22753

"CHANNEL"	"m14"
"Evt-"
"No comment"
"Memory"

85.75943
89.08583
90.51783
91.69693
93.27973
95.52803
97.96523
101.79513
113.88213
117.23443
120.20903
121.20693
123.56893
124.96223
125.77993
126.52483
127.64543
128.48733
129.35453
130.11513
131.11903
131.76383
132.59153
133.42223
133.99673
134.88053
135.82573
136.57863
137.28743
138.39193
139.56893
141.05933
142.55573
144.31743
146.25553
147.28063
148.82283
150.00503
151.49223
152.77983
153.90423
155.59013
157.06583
158.36343
159.47963
160.96843
162.21293
163.44383
164.52213
165.55953
166.92433
168.33593
169.98773
171.65373
172.87703
174.22823
175.28543
176.19543
177.00093
177.78983
178.58523
179.55963
180.74813
181.69253
182.55363
183.84043
185.20583
186.22853
187.85543
188.74333
189.79383
190.82703
192.16073
193.32473
194.73563
195.96363
197.13423
197.93493
199.46963
200.71083
201.93593
202.86363
204.83583
206.14603
208.39393
209.91343
211.06313
212.79723
215.21903
216.79353
218.74483
219.82063
221.09453
223.17463
224.17243
225.56053
226.86743
228.62413
230.98523
232.30503
233.67163
235.15423
236.15543
237.50863
239.04753
240.10803
241.04123
243.34253
245.07913
246.57823
247.85953
250.27373
252.89843
254.45473
255.72263
257.97623
259.69923
261.23983
263.26833
265.18153
268.01473
270.56273
272.15223
273.82313
275.97573
277.56573
279.91183
282.24813
284.42073
285.91943
286.99633
288.00413
289.03232
289.44673
290.55503
291.98773
295.09923

"CHANNEL"	"m16"
"Evt-"
"No comment"
"Memory"

24.21013
54.88653
60.32113
89.30363
92.11353
96.60603
98.68743
103.28713
105.91953
108.00943
109.71903
113.80603
117.49043
120.22533
123.70103
125.08443
126.83683
127.85173
129.42073
130.33223
131.99113
132.75983
133.43683
134.11923
134.97673
135.65243
136.61343
138.62033
139.72803
141.29653
142.84583
144.68753
146.43503
147.42563
149.08853
150.09043
151.60003
152.99923
153.95983
155.74353
157.14333
158.52293
159.51833
161.02403
162.27973
163.45383
164.55683
165.58903
166.93523
168.41543
170.12523
171.78733
172.96773
174.28403
175.27083
176.12333
176.85723
177.74643
178.57653
179.56873
180.67023
181.66383
182.50633
183.81603
185.10993
186.18603
187.77033
188.71103
189.80133
190.80643
192.14133
193.21403
194.74603
195.95643
197.03993
197.90833
199.49113
201.90103
202.56113
203.04593
206.22163
208.45483
209.96573
211.33713
212.76433
215.27833
217.25543
218.63343
221.22893
223.23653
224.23583
225.41453
228.63073
230.97213
232.44493
233.67773
235.60443
236.12403
237.48463
238.04683
239.09074
241.05233
241.81683
243.42573
245.11963
246.72203
248.09153
250.35583
253.12663
254.51973
255.88653
258.27753
259.75953
261.30393
263.33233
265.36303
268.25353
270.88213
272.19983
273.98783
276.29393
277.52743
280.08813
282.33323
284.65463
286.11633
287.14973
288.13223
289.32943
290.73323
292.28993
296.07323

"CHANNEL"	"m18"
"Evt-"
"No comment"
"Memory"

7.12913
15.74003
23.74123
38.88533
52.77783
57.58343
60.59653
62.82463
64.33483
69.73333
72.42663
77.26663
79.72213
81.95473
84.51083
88.75763
93.46043
95.86463
98.57773
100.68313
101.92983
103.25653
103.90833
105.83853
107.69933
109.55373
112.80593
113.74483
114.69103
117.23153
119.03103
120.19303
121.18523
122.27133
123.56763
125.01073
126.60603
127.74763
129.43353
130.36903
131.13433
132.58753
133.43493
134.25693
135.03403
135.78233
136.57872
137.35753
138.54023
139.68533
141.27513
142.78503
144.63083
146.41543
147.47883
149.05703
150.12663
151.53033
152.92523
154.01553
155.72913
157.14413
158.49943
159.56153
161.03983
162.30713
163.54633
164.58253
165.72083
167.04723
168.37553
170.17823
171.98003
172.90873
174.19213
175.49213
176.22693
176.99483
177.72083
178.71473
179.64673
180.68173
181.83103
182.71863
183.89953
185.27633
186.26223
187.91853
188.70483
190.90203
192.19113
193.34043
194.81133
195.97283
197.16613
198.16503
199.51153
200.72573
201.96903
202.87383
204.85733
206.52233
208.47453
211.24123
212.76073
215.24603
216.80073
219.77373
221.16373
223.24553
224.29463
225.51973
228.73454
230.93123
232.31923
233.68133
235.13313
236.31323
237.76003
239.12043
240.29982
241.09163
243.34273
245.16483
246.63273
247.90183
250.23293
253.07713
254.54293
255.61313
257.99653
259.85563
261.19833
263.14723
265.22093
268.14083
270.63093
272.14803
273.87253
275.99313
277.61543
279.87853
282.34513
284.55623
285.98183
287.11753
288.26913
290.52823
292.11943
294.96253

"CHANNEL"	"m20"
"Evt-"
"No comment"
"Memory"

11.33833
18.96983
25.76723
32.58903
36.01063
40.90623
56.11793
58.47813
59.13383
60.29703
60.72303
61.90413
62.30663
63.02383
65.47633
66.97773
67.41983
67.76633
68.56673
69.30433
70.39563
70.79843
71.23423
72.18913
72.63543
73.48673
74.19273
75.58103
76.23243
76.67023
77.73543
78.22133
79.60843
80.01563
81.40493
82.47383
83.24303
83.70423
84.98983
85.54143
86.06313
86.87403
87.44543
87.87083
89.07043
89.51473
90.05203
90.33163
90.93593
91.27003
91.79513
92.25103
92.58553
93.15723
93.60803
94.44153
95.12953
96.31703
97.04753
97.47863
97.83463
98.43323
99.07813
99.66073
100.53763
101.17753
101.79263
102.64503
103.17363
103.80323
104.19943
104.91463
105.51363
106.91053
107.68973
108.80373
109.40803
110.42563
111.17993
111.78323
113.42813
114.43003
116.19893
117.06143
118.84453
120.13933
120.89993
123.41543
125.65893
126.39133
127.34113
128.53203
129.25543
129.90703
130.33143
131.83093
133.36613
134.85193
135.57163
136.49193
137.22893
138.22783
139.31093
141.05013
142.54623
144.54393
146.26223
147.32133
148.83843
149.99533
151.29413
152.80053
153.87253
155.64553
157.02623
158.27413
159.30943
160.88883
162.24103
163.43423
164.51753
165.61653
166.98643
170.05473
171.19213
171.76043
172.79393
174.12183
175.29413
176.16213
176.86603
177.75413
178.65123
180.64393
181.66503
182.62023
183.86803
185.10913
186.23313
187.76803
188.70773
189.82303
190.81773
192.12943
193.25773
194.72723
195.95153
197.05093
198.02933
199.45183
200.65453
201.80973
202.78583
204.64693
206.17583
208.40193
209.82003
211.04333
212.69663
214.02153
214.93653
216.64223
218.58243
219.61573
221.08133
223.16573
224.00223
225.33743
226.64973
228.47643
229.91403
230.81813
232.23363
233.69743
235.02973
236.10513
237.51563
238.93343
240.02553
241.32573
243.19243
244.69843
244.97153
246.38723
247.74013
249.94713
252.90933
254.16923
255.63173
257.89003
259.68983
260.94673
263.00083
265.02573
267.93663
269.25783
270.47603
272.09173
273.82363
275.87443
277.40853
279.76143
281.87693
284.28233
285.80313
286.92203
288.01223
289.17663
290.53263
291.94904
294.86263
298.41773
298.95123

"CHANNEL"	"m22"
"Evt-"
"No comment"
"Memory"

13.65023
17.34713
18.78843
20.09883
21.56443
22.16563
22.97453
23.76393
25.06273
26.14233
29.88553
30.26303
31.51853
33.27903
35.04303
44.14543
48.90073
55.13562
57.45403
58.82073
60.13163
60.55153
61.84013
62.66893
63.16233
64.61203
65.49433
66.52403
67.73543
69.73173
70.36123
71.69673
72.21013
72.73193
73.09623
73.70673
74.16633
74.82493
75.46093
76.17103
76.70023
77.21523
77.71213
78.49013
78.99323
79.49823
80.41563
81.43353
82.17153
84.43933
85.21223
86.47483
87.49553
88.15013
89.09603
89.57933
91.84663
93.08163
95.06553
95.90093
97.68653
98.24983
99.14803
99.69243
102.01323
103.37493
104.23003
105.50393
106.04533
106.64243
108.22283
110.58233
112.45653
112.99773
114.65263
117.85073
118.92823
123.36533
125.59183
129.94603
134.93353
136.57883
140.57143
144.90683
149.51723
161.76203
182.80863
192.60833
199.06563
202.97683
204.84123
208.48473
211.58643
213.18693
215.38683
219.39843
221.29453
223.21883
226.66403
229.48283
234.30283
237.85973
241.42653
244.93823
246.52673
249.98143
254.22353
255.85073
258.40863
266.60913
268.43763
271.37473
272.16223
276.31903
280.03973
281.92003
285.26113
289.97253

"CHANNEL"	"m24"
"Evt-"
"No comment"
"Memory"

1.68293
5.13673
12.77743
16.74053
21.41923
25.10343
27.01303
29.12003
33.38463
36.36183
39.88443
41.01133
44.02933
47.10813
51.61273
56.21153
58.06943
60.87833
61.53523
63.20073
65.48703
67.11553
68.56113
70.40643
72.24883
74.25754
76.18493
76.72133
78.40103
79.01523
80.45003
81.45543
85.45163
87.00413
89.14243
89.64893
91.85203
95.92043
96.38253
98.59433
99.74793
100.61813
102.04403
103.25713
104.35623
107.01513
107.78923
108.93513
110.78433
114.66903
116.29763
119.63183
120.49933
123.88982
125.77083
126.54353
128.73743
129.97873
131.20283
133.35713
134.93883
136.61163
137.39112
138.29883
139.50223
141.32183
144.81313
146.57593
147.56073
149.29943
150.21453
152.99283
155.79863
157.20753
158.65523
159.69683
160.96863
162.34013
164.56633
165.87383
167.15933
168.36163
170.17313
173.05213
176.32633
177.90743
178.81863
180.66093
182.64993
183.79753
185.49373
186.50503
187.84923
188.91583
190.84323
192.28543
193.48053
195.14223
196.04753
199.49303
202.00493
202.93103
204.83383
208.52413
211.21983
213.05453
215.36423
217.01793
219.82253
221.38373
223.29013
226.69143
229.11773
230.08543
231.10823
232.50253
235.29193
236.18673
237.83013
239.22053
241.42423
243.44483
245.10983
246.58063
250.19833
253.05953
254.28123
255.81253
258.01163
259.86513
265.38913
268.30133
270.67283
272.20413
276.16123
277.51583
280.06983
282.25103
284.47623
286.03793
287.01123
288.10773
289.43073
290.87723
292.09703
293.98613

"CHANNEL"	"m26"
"Evt-"
"No comment"
"Memory"

22.96903
24.92223
26.71093
28.06573
32.25573
34.42203
36.26734
37.20223
38.31053
38.82763
39.93753
45.39703
54.47083
55.87653
57.65863
58.49743
59.64023
61.66783
63.83553
65.10743
68.31773
75.69053
76.71173
78.10633
78.76603
80.07833
80.83823
81.39103
81.84073
82.46683
83.12593
84.33213
84.80633
85.47913
86.88013
87.83413
88.17573
89.12353
89.53343
90.07403
90.36923
90.81273
91.22413
91.79513
92.14213
92.38163
92.64073
93.14003
93.61383
93.98973
94.44183
95.16523
95.42833
95.80873
96.32093
97.02283
97.42263
97.89303
98.41063
99.06893
99.67943
100.02543
100.53173
101.27013
101.78163
102.08073
102.75993
103.11693
103.77453
104.26493
105.65433
106.14723
106.91943
107.63673
108.37513
108.79993
109.39823
110.17533
110.68433
111.18723
111.88593
112.60093
113.55483
114.44873
115.21263
116.19493
117.11733
118.08533
118.74633
119.57663
119.96293
120.92963
122.69053
123.34573
124.66153
125.24913
125.63133
126.44383
127.51913
128.50443
129.28813
129.92293
130.27863
131.00263
131.89413
132.43193
133.31613
134.07773
134.86373
135.62843
136.41713
137.22623
138.31523
139.56013
141.06413
142.54553
144.52053
146.22543
147.31273
148.90313
150.01929
151.31443
152.11233
152.79393
153.88193
154.72363
155.64413
157.10523
158.38463
159.38573
160.88693
162.22013
163.48673
164.46603
165.57343
166.91183
168.23643
170.03023
171.16893
171.78383
172.78503
174.15813
175.32543
176.14353
176.82463
177.68023
178.57053
179.48853
180.65983
181.64743
182.57063
183.80783
185.06483
186.18103
187.73513
188.65073
190.84573
192.11452
193.23293
194.71323
195.95403
197.02323
197.99723
199.39903
200.67813
201.81023
202.76473
204.70513
206.24093
208.34193
209.91183
211.07373
212.72953
215.16153
216.80053
218.63323
219.63023
221.07313
223.09793
224.22333
225.42203
226.63613
228.46013
229.91423
230.85653
232.20003
233.75413
235.04273
236.11373
237.48983
239.01793
240.07903
241.01973
243.27933
244.97363
246.41373
247.74303
250.07153
252.92403
254.42243
255.76603
257.88633
259.75433
260.96263
263.01633
265.07633
267.99173
270.49553
272.06613
273.81513
275.90243
277.48103
279.82443
282.22163
284.31913
285.84753
286.94273
288.01993
289.16203
290.54533
291.92163
294.97843
298.18553
299.05463

"CHANNEL"	"m28"
"Evt-"
"No comment"
"Memory"

11.11863
23.55782
26.65363
34.49443
38.05463
44.38114
59.86363
71.95783
96.00793
100.61263
103.34113
105.61623
107.54673
109.37183
110.27263
111.18513
112.56343
113.28723
114.57693
115.26563
116.04223
117.13613
118.74773
119.51573
120.16853
120.85853
121.92463
123.30233
124.46843
125.36283
125.62073
125.96533
126.71853
127.75453
129.33953
130.62213
133.33743
134.10203
134.85963
135.86543
136.70323
136.96523
137.51183
138.37323
139.35163
139.88543
141.06253
142.65333
144.05733
144.65233
145.62423
146.25773
147.35073
148.06703
148.77603
150.02503
151.41013
152.80804
153.88093
155.61133
157.10613
158.40753
159.48573
161.01982
162.18853
163.47273
164.48643
165.51443
167.15034
167.91953
170.08043
171.69633
172.88513
174.21443
175.29563
176.22083
177.86993
178.62433
179.53813
180.58553
181.65573
182.56243
183.87483
185.11023
186.17973
187.75483
188.74743
190.75453
192.17793
193.25743
194.82743
195.93463
197.03363
198.57733
199.29073
200.23163
201.87573
202.90043
204.55323
206.31403
208.37003
209.87003
211.20313
212.90343
215.29933
216.82463
218.75203
219.79753
221.14643
223.27053
224.33793
226.94283
228.50963
230.05483
231.11723
232.36713
233.78923
235.18003
236.46183
237.81463
239.06493
240.01613
241.24253
243.59073
245.08263
246.57563
250.18453
253.02083
254.60973
255.70503
258.00723
259.79993
261.31363
263.30113
265.32113
268.18703
270.67322
272.12853
273.90903
276.05503
277.49723
279.96023
282.19483
284.47123
286.00663
287.02854
288.17883
289.31153
290.67253
292.02873
295.82073

"CHANNEL"	"m30"
"Evt-"
"No comment"
"Memory"

40.49493
239.25173

