"CHANNEL"	"m1"
"Evt-"
"No comment"
"Memory"

136.53638

"CHANNEL"	"m2"
"Evt-"
"No comment"
"Memory"

1.51882
5.49342
6.09323
7.31374
8.78919
9.92234
12.48133
14.12663
15.97682
17.54440
19.50109
22.17913
23.42069
24.77044
26.74892
27.98722
28.83008
30.29443
31.26832
33.66693
36.29752
39.32860
40.36383
42.43033
46.10863
51.20252
52.21292
54.02753
55.80605
56.66840
58.03352
60.40464
64.43913
65.70394
66.42912
70.61478
72.87033
73.68074
74.77473
77.56422
79.13693
80.72964
81.52058
83.35613
84.76153
86.15443
86.86312
88.12803
89.90663
90.79252
93.14084
94.27233
95.84465
99.10570
103.50243
107.70724
108.80119
114.39139
117.64663
118.98444
122.89984
126.71234
128.63724
133.00512
134.52833
136.37811
142.10248
147.05593
154.34374
162.14214
166.66259
179.60653
182.46042
186.44904
189.51973
195.35830
204.70709
205.90939
207.37649
208.45579
212.08169
216.15172
217.78923
221.90324
225.89993
228.36029
232.09603
233.14104
234.12799
235.88429
239.03519
240.93324
241.52523
246.13594
247.57579
250.89184
252.67834
254.47009
256.44414
259.08878
260.93709
262.23663
264.36762
265.77104
266.54602
268.01952
269.08683
270.43178
272.45773
274.54424
275.98099
277.78429
279.36633
280.73184
282.66544
283.58451
284.43003
287.02330
289.23069
291.96450
293.34042
295.43420
297.12840
298.10738
298.78319
300.37084
301.27923
302.54414
303.56209
305.30599
306.59054
308.18123
309.04003
310.31303
311.27919
312.41058
313.73953
315.17273
316.45239
317.33713
318.40253
319.49262
322.04693
323.54122
325.31218
327.13319
329.03688
330.38503
332.22842
333.68429
334.28691
336.05964
337.77308
338.83423
340.17624
341.93274
343.30550
344.44983
346.46958
348.30753
349.66378
350.43303
351.82004
354.78944
357.11099
359.34103
361.33772
362.80239
363.55550
364.69102
366.95750
368.60393
369.24244
370.67814
371.82768
373.52060
374.60734
375.37928
376.78560
378.19089
379.96429
380.95673
382.39243
383.49335
385.55143
386.37568
387.14004
388.07918
389.72853
390.50301
391.30429
393.64089
395.39493
397.19062
399.47818
401.41829
402.99984
404.38414
408.77463
409.88909
410.96734
412.00694
414.81375
416.76153
418.14829

"CHANNEL"	"m3"
"Evt-"
"No comment"
"Memory"

0.64584
1.48583
3.37583
6.63579
7.33642
7.74489
8.82133
9.34359
10.00254
10.90332
13.52342
14.69529
15.31889
16.41944
16.83683
17.54533
19.52773
20.85493
21.61164
22.12724
23.45719
24.90864
26.21519
26.68383
27.41752
28.07219
28.95399
29.46398
30.38604
30.88303
31.86184
32.82022
33.75102
34.48699
35.52530
36.25724
36.78101
37.31889
37.85929
38.44819
39.54968
40.58293
41.23329
42.38348
42.82238
43.54652
44.10352
44.59833
45.25174
46.25593
47.06033
47.56984
48.17885
48.95552
49.55653
50.58912
51.15454
52.17222
52.62494
53.34893
54.27903
55.03128
55.85342
56.66872
57.27502
57.95904
58.52433
59.11053
60.38993
60.92155
61.53324
61.90463
62.46754
63.03708
63.76021
64.39034
65.02979
65.60554
66.46079
67.06999
67.99344
68.53368
69.18623
69.83443
70.59668
71.37164
72.09182
72.86309
73.57503
74.86854
75.73089
76.19232
76.74794
77.58698
78.34979
79.58108
80.74208
81.89123
83.51044
84.08762
84.76529
85.55128
86.15913
86.77309
87.42349
88.12598
89.11653
92.03554
92.51064
93.14549
94.16392
94.93174
96.62354
97.32444
97.96203
99.10671
100.15678
101.18149
102.10293
102.82303
103.53388
104.19623
105.18172
106.61819
107.71522
108.74709
109.99739
111.11429
111.97603
113.18578
114.35718
115.38933
117.74409
120.63909
121.54260
122.93234
124.14282
125.61095
126.96719
128.70853
130.31799
132.97142
134.55340
135.36982
138.38550
142.16002
143.79133
145.92592
148.62618
149.41549
154.32763
155.53359
162.09992
163.14249
166.69164
179.40569
182.60389
184.58972
185.32450
187.55892
188.12539
189.54689
190.49282
191.66922
193.40128
195.77613
205.20709
205.83013
206.70204
207.41943
209.89919
210.96148
212.08929
213.89054
216.17599
217.92134
220.46383
221.97762
225.84792
226.70004
228.35842
231.92479
233.16993
234.20464
236.00253
239.08208
239.51743
241.19784
243.63779
245.24112
246.11803
246.89073
247.63989
250.83892
252.71559
254.55443
256.43264
257.93619
259.05842
261.01532
262.25144
264.42959
265.78603
266.53074
267.93783
269.06063
270.59933
272.59064
274.53913
275.96342
277.78682
279.32913
281.01972
282.77738
283.59399
284.46212
285.86863
287.03783
287.76805
289.50425
291.89864
293.53849
295.45444
297.20053
298.16899
298.86293
300.50543
301.38013
301.89374
302.50840
303.87672
305.34023
306.66354
308.27200
309.12449
310.42031
311.28129
312.48918
313.80683
314.66543
315.19033
316.50172
317.42354
319.46619
320.06214
322.02382
323.63153
324.52283
325.43393
327.23859
329.00560
330.45839
332.59133
333.66983
334.27384
334.74138
336.00828
336.42352
337.72872
338.85970
340.21824
342.00280
343.54158
344.57239
344.98609
346.66132
348.29059
349.68449
350.45442
351.89889
354.84123
357.27178
359.42079
361.35849
361.97402
362.91188
363.90362
367.00309
369.26190
370.78889
372.03543
373.71429
375.41584
376.82728
378.56974
379.96872
381.33534
382.41150
383.59592
384.33529
385.57492
386.34053
387.14572
388.15512
389.76093
390.48453
391.39872
392.49573
393.00088
393.90540
395.70488
397.28444
399.55238
401.48184
403.17493
405.95529
409.02259
409.95269
411.16888
413.52163
414.88589
416.81959
418.16664

"CHANNEL"	"m4"
"Evt-"
"No comment"
"Memory"

8.77869
17.43522
22.04372
24.90023
31.86488
37.82553
40.47652
45.21480
49.89884
50.39474
54.25549
56.48542
60.30325
63.54394
65.49673
67.94524
71.32798
75.70463
80.40635
84.66449
93.73462
97.75888
102.05554
105.11729
111.08295
116.51083
120.59343
131.96823
134.54264
136.45510
145.83532
150.47229
185.27153
192.55229
194.61649
202.76109
209.70383
220.44419
225.83744
228.01918
236.00244
239.49362
250.77382
260.85498
264.33004
272.52703
275.92903
279.28142
283.58213
286.66373
288.50649
297.09593
300.41859
301.80913
302.49899
305.32533
307.86673
310.28443
315.93493
317.32933
319.44814
323.08389
327.06114
328.99502
332.75134
334.00853
335.92803
337.63679
340.11799
344.39772
348.16063
351.86618
354.75849
359.38153
366.82153
370.72648
373.62733
376.69409
379.94502
382.24954
385.49639
386.33868
388.71133
390.41339
395.39972
396.21091
399.52389
401.45692
405.96232

"CHANNEL"	"m5"
"Evt-"
"No comment"
"Memory"

1.66102
10.72689
14.10942
15.36063
17.61920
19.72913
20.86508
22.22948
23.85213
25.00363
26.86700
27.44683
28.10609
29.57974
30.46524
31.97774
32.80553
33.86304
35.68203
36.77344
37.41679
39.52430
41.33342
42.21874
42.88483
43.61924
44.59692
45.22893
46.18409
47.43063
48.06422
48.97192
51.27864
51.76709
52.63419
53.27529
54.18853
55.05373
55.75702
56.73874
57.35004
58.09038
58.69242
59.51185
60.26103
60.92879
61.63673
63.00299
63.71013
64.46330
65.04699
66.47512
67.10564
68.00639
68.61299
69.24504
70.71494
71.37058
72.05052
72.92384
73.66664
74.90943
76.73739
77.62761
78.46123
79.60353
80.72654
81.69022
82.69518
83.39169
84.10254
84.84462
85.56929
86.21660
87.28663
88.16103
88.82509
89.37642
90.84802
91.82813
93.13859
93.89698
94.34223
95.05779
95.88253
96.37674
98.02132
99.23820
99.91052
100.65182
102.14003
102.91073
103.57649
104.23399
105.16654
106.58392
107.70732
108.83228
109.97204
111.01003
112.08069
113.26499
114.43873
115.52753
116.83702
117.95063
119.12422
121.64272
122.94834
124.19154
125.70474
126.74759
128.68672
130.37832
133.10572
134.69129
136.43835
138.41489
142.16143
145.98029
148.59364
152.02749
155.68754
163.07843
166.77022
169.52594
174.58393
179.53368
184.57411
187.37949
188.43700
189.65187
190.56264
191.58169
192.38953
194.46769
195.42863
196.71353
199.08223
205.12670
205.88109
207.44252
209.00724
210.46119
211.41772
212.15712
214.62789
216.05184
218.01092
221.93623
225.32004
225.99663
228.31408
232.17783
233.21128
234.30379
236.20503
239.06393
239.68953
241.36684
243.81354
246.28423
247.57414
251.04278
252.73203
254.87983
256.50819
259.23984
261.07069
262.27740
264.38444
264.69802
266.69233
268.31829
269.21188
270.71423
273.13402
274.67029
276.14352
277.86869
279.44343
280.98493
282.85354
283.61382
284.59433
286.05724
287.90799
289.63243
292.02762
293.67063
295.66833
297.33700
298.16950
300.50673
301.92888
302.56842
303.83562
305.39954
306.78388
308.27332
309.10864
310.39359
311.34163
312.57164
313.88429
315.39489
316.61819
317.36379
318.55523
319.95729
322.19674
323.72610
325.43814
327.28854
329.19243
330.75824
332.55564
333.82982
334.45419
336.14248
336.61542
337.84215
339.06898
340.46859
342.06383
343.47024
344.72784
346.69844
348.42343
349.59439
350.51644
351.98679
354.81545
357.36144
359.55953
361.30112
361.89634
363.04414
363.93133
364.90869
367.06269
368.57414
369.29747
370.90529
371.92819
373.77707
374.67380
375.47524
376.83194
378.49813
380.02669
381.44059
382.80934
383.63592
384.51603
385.59293
386.54962
388.32569
389.06703
389.72450
390.56989
391.41470
392.53253
393.60469
394.54880
395.58699
397.32529
399.50188
401.47882
403.07858
405.85283
408.94322
409.90153
411.26054
413.43918
415.02309
416.75824
418.17403

"CHANNEL"	"m6"
"Evt-"
"No comment"
"Memory"

1.45859
10.61724
15.24663
17.51224
19.60339
20.71223
25.03729
28.08658
30.28579
31.24753
33.68039
35.52072
36.68162
37.36649
39.21368
41.40239
42.17308
42.87872
46.14299
47.00644
48.04704
48.90393
49.85934
50.27539
51.15644
52.58003
53.18154
53.74352
54.91034
55.75219
56.59032
57.99779
58.69103
60.62663
61.57615
62.04210
63.02173
64.50248
65.09129
66.41118
67.07888
67.96343
68.57149
69.17424
69.84314
70.58634
71.34963
72.00054
72.88554
73.73659
74.77332
76.64214
77.51048
78.42538
79.24873
80.59614
81.53679
82.64709
83.26963
84.05522
84.78822
86.21539
86.84034
87.19239
88.14389
89.81354
90.75155
91.79494
92.88052
94.29043
95.79383
96.38540
97.35024
97.92824
99.21679
99.81080
100.58729
101.94272
102.88114
104.20433
105.00428
106.40435
107.43903
108.76054
109.85213
110.81904
112.02874
113.20653
114.33329
115.47424
116.68709
117.59872
121.52253
122.75153
124.08158
125.56669
126.59499
128.61952
130.37198
131.99622
133.02532
134.61110
136.34338
138.19594
142.10313
148.38853
158.10109
163.06652
166.70335
184.54908
186.40153
187.32262
188.32823
189.56194
191.47099
192.32903
195.30048
196.63704
205.06477
207.38512
208.91733
211.37948
212.04883
214.55953
215.91513
217.98854
219.96888
221.83108
225.27014
228.26282
232.06659
233.10433
234.12393
235.85349
238.99120
241.30869
243.63319
246.12010
247.52389
250.86029
252.63788
254.50694
256.37232
259.08144
262.10834
264.42553
266.53598
268.03553
269.06124
270.61389
272.93652
274.56108
277.78922
279.37749
280.76883
282.69919
283.53213
284.50294
285.82923
287.80213
289.21263
291.96863
293.58919
295.52653
297.19653
298.07814
300.35863
301.82434
302.53393
303.82253
305.29379
306.74634
308.21473
310.28593
311.10513
312.42543
313.71042
315.17604
316.50918
317.29813
318.37772
319.51028
319.88949
322.14589
323.65562
325.35423
327.24769
329.06359
330.39892
330.76399
332.15733
333.82663
334.49712
336.56512
337.74079
338.95432
340.32149
342.03669
343.40089
344.99479
346.64363
348.37789
349.52269
350.39879
354.74739
357.16899
359.34617
361.32293
361.69328
362.91362
363.78324
364.80054
366.95753
368.45159
369.18829
370.86639
371.86894
373.47984
375.40788
376.75682
378.45873
379.91892
381.03399
382.39813
383.60645
384.36393
385.48430
386.50013
387.92890
388.79582
389.59384
390.44813
391.29548
392.48504
394.49743
395.49714
397.31853
399.35613
401.33269
403.04603
405.73789
408.60299
409.89698
411.15099
413.43329
415.00489
416.76534
418.10462

"CHANNEL"	"m7"
"Evt-"
"No comment"
"Memory"

0.92944
3.25924
3.80334
5.82952
7.77853
11.38794
15.19424
17.04848
19.62464
22.14514
23.20870
25.76860
27.05960
28.02264
28.42912
30.44573
31.84374
32.78172
34.60603
35.55890
36.75373
37.39473
37.83724
38.52310
39.45477
40.49663
41.37792
42.90990
43.44598
44.52552
46.70713
48.22993
49.07012
50.00779
51.13899
51.78909
52.26903
52.70899
53.31184
54.12782
55.03082
55.75632
57.33612
57.96709
58.53863
59.51010
60.36750
61.00354
61.95564
63.04285
63.68524
64.41109
64.98642
66.46902
67.08458
67.96269
68.53889
69.19523
69.89354
70.83102
71.43999
72.09044
72.93019
73.64949
74.49943
75.63002
76.21249
76.79353
77.49814
78.45300
79.58543
80.77253
81.44300
81.89103
82.42014
83.52893
84.02864
84.79602
85.50150
86.17442
86.81032
88.19919
89.14213
90.71680
91.42199
91.83873
93.11644
93.86612
94.95899
95.83318
96.37994
97.32383
97.96069
99.20664
99.71179
100.62464
102.13943
102.84609
103.49332
104.15042
105.23484
105.99995
106.48389
107.71542
108.76314
109.95029
112.02273
113.25209
114.38929
115.43892
116.65272
117.82049
119.07209
120.24763
121.68494
122.84453
124.06623
125.61299
126.82854
128.61493
130.32858
132.71004
133.01572
134.62593
138.34784
140.79042
142.13688
143.97299
145.38324
147.71533
152.22128
155.89129
160.15252
161.68941
163.82442
166.07980
166.79319
169.62515
172.24095
173.39224
175.87099
178.24822
181.97664
183.22189
184.61722
187.57314
190.50749
193.42839
196.71509
200.51014
202.53170
205.84004
206.70320
207.41644
210.71563
212.09273
215.94643
218.09513
222.09474
225.94293
228.32200
231.73094
233.11880
236.13122
239.58933
241.42623
243.74172
246.23623
247.59682
250.85433
252.77383
254.87449
256.43603
259.11173
261.12463
262.28089
264.48519
266.42293
268.12232
269.11472
270.66088
272.96969
274.59972
276.18408
277.81154
279.33192
280.93964
282.77739
283.63324
284.45994
285.95904
287.85334
289.47044
291.92693
293.53803
295.50344
297.21404
298.14293
298.84848
300.53734
301.88788
302.54354
303.89552
305.39473
306.72943
307.11545
310.88333
314.08399
324.10243
330.91102
332.49962
334.35952
334.77023
336.48632
337.81882
338.93559
340.30820
342.05784
343.44174
344.99299
346.69839
348.40659
350.50284
351.94849
354.95203
357.36992
359.54143
361.45168
361.95924
362.97064
363.93823
364.80879
367.03603
369.34552
370.91458
371.93084
373.75653
374.68728
375.21179
375.52482
376.86984
378.69653
380.02693
381.47724
382.59825
383.60569
384.39643
385.66143
386.45958
387.25272
388.13378
388.75973
389.71168
390.50714
391.42259
392.52741
393.00794
393.56932
393.95194
394.50453
395.60283
397.34389
399.56729
401.50818
403.07212
405.86543
408.74519
409.83358
411.19809
413.56609
414.94763
416.78083
417.89184

"CHANNEL"	"m8"
"Evt-"
"No comment"
"Memory"

2.24050
11.28103
15.34379
17.62748
19.68158
22.21042
23.77863
25.09078
26.66483
28.27234
30.50292
31.94364
32.91973
33.71781
35.60814
36.88114
37.89873
39.55738
40.79533
41.51329
43.01263
44.62599
45.40589
46.57553
47.23103
48.32754
48.95442
50.37202
51.31083
52.33979
53.33043
54.26922
55.01053
55.83473
57.40624
58.19197
58.67504
61.04410
61.57313
62.06044
62.95844
63.61239
65.06714
65.71193
66.50115
67.08838
68.07868
68.63405
69.35949
69.93809
70.69873
71.43673
71.99754
72.91734
73.76880
75.06043
76.30992
76.81790
77.61568
78.49489
79.40993
80.61903
81.49362
82.55095
83.26289
84.02213
84.98432
85.54099
86.22399
87.25063
88.16533
88.77940
89.95318
90.74869
91.41470
91.85233
92.96514
93.84434
94.31492
95.83543
96.47984
96.81048
97.96560
99.27289
99.88389
100.65593
102.05984
102.89784
103.58022
104.23380
105.11342
106.58430
107.64228
108.81505
109.83252
110.89893
112.11053
113.24528
114.42369
115.56839
116.80128
117.93224
119.09418
120.75923
121.68860
123.01650
124.19628
125.65930
126.79479
128.64720
130.35328
132.98589
133.61993
134.69259
136.44639
138.33212
142.18853
148.55369
152.08062
158.37275
163.14129
167.84642
172.13123
184.62980
186.50283
187.37984
188.42863
189.60264
190.52453
191.50134
192.39379
194.49569
195.49802
196.69780
205.21092
206.21063
206.62984
207.35562
208.97388
210.50742
212.12863
214.67453
216.08468
218.06783
220.13109
222.01183
225.40542
228.33033
232.16559
233.17904
234.22174
236.02619
237.33538
239.05084
239.58969
241.51834
243.68619
246.21093
247.53102
250.98625
252.75133
254.88293
256.45804
259.21373
261.05583
262.30102
264.59672
266.63271
268.21459
269.05320
270.79804
273.00984
274.63763
277.93254
279.33974
281.01333
282.92509
283.63119
284.53522
286.05742
288.00330
289.58302
292.05978
293.57828
295.59204
297.31463
298.50390
300.49324
302.59478
303.86499
305.44418
306.77929
308.26514
309.13868
310.41302
311.30262
312.54128
313.91689
315.31195
317.21308
318.59063
319.95743
322.27820
323.68594
325.44990
327.27599
329.25229
330.74968
332.53034
333.86369
334.50914
336.49804
338.12008
339.00630
340.44629
342.05844
343.42902
344.96903
346.76758
348.46813
349.63895
350.56099
352.14370
354.97403
357.38408
359.51584
361.90548
363.03643
363.89400
364.93534
367.06462
369.23553
370.86664
371.91644
373.81984
374.67482
375.45323
377.02554
378.71853
380.05474
381.49863
382.75769
383.65332
384.48334
385.60439
386.46793
388.37203
389.02330
389.68854
390.45913
391.33492
392.52099
393.01424
393.65134
394.56862
395.60569
397.38891
399.52312
401.52123
403.09023
405.87444
408.95752
409.92208
411.24602
413.51874
414.95694
416.76810
418.19394

"CHANNEL"	"m9"
"Evt-"
"No comment"
"Memory"

4.88888
6.42659
12.50419
15.02013
16.34944
17.57967
19.44969
21.00369
25.09150
27.33852
28.12643
30.25013
31.58933
32.76779
33.58339
35.00980
35.54633
36.62958
37.69069
38.40498
39.12144
39.64035
40.57143
41.02418
41.44978
42.69703
43.40704
44.09009
45.31694
45.62939
46.16159
46.52863
47.09502
48.23038
48.89139
49.45398
49.95770
51.18548
52.43402
53.05519
54.17199
54.93359
55.59654
56.11342
56.81363
57.48643
58.07793
58.61254
59.35333
60.14679
60.75798
61.06889
61.54803
62.07792
63.11180
63.68223
64.56062
65.16554
65.62978
66.44204
67.16219
67.90662
68.60523
69.27700
69.94554
70.47254
72.00544
72.89789
73.72293
74.77775
75.46514
76.72851
77.53353
78.46924
79.65890
80.54019
81.50341
82.51824
83.27020
83.90139
84.77119
85.52149
85.93999
87.15622
87.84389
89.92149
91.00693
91.76752
92.78850
93.78749
94.27542
95.19303
95.82491
96.48424
97.47684
98.03378
99.20239
99.87739
100.80444
101.99662
102.59704
103.65799
104.19153
105.13048
106.02449
106.42000
107.51233
108.80413
109.80104
111.13043
112.09990
113.38224
114.27843
115.55640
116.69079
117.94424
120.13190
121.39813
123.04304
124.06623
125.66933
126.50530
126.92383
128.48964
130.30064
132.02038
133.19728
134.62642
136.35579
138.25129
142.10904
146.11239
148.57098
150.77594
151.99333
154.61610
158.18170
162.93734
167.69812
170.82459
184.39205
186.44363
187.33722
188.46723
190.53853
191.41384
192.35859
194.38403
195.19933
196.92839
198.64893
203.95728
205.31319
206.59183
206.90864
207.41828
207.76832
208.35043
208.94308
209.54774
210.62444
211.19073
212.10602
213.51974
214.14393
214.59104
216.09812
217.88549
219.95583
221.84670
225.30533
228.27783
232.23094
233.28774
234.17288
235.85732
239.00044
241.43369
243.70373
246.15862
247.31253
248.78332
251.07864
252.71639
254.82603
259.26851
262.30419
264.47461
266.65172
268.33052
270.71522
272.98473
274.57284
277.81182
279.43123
280.95999
283.50413
285.93132
288.05494
289.56260
292.03552
293.58733
295.55484
297.30259
298.35672
300.33550
301.88664
302.57950
303.85114
305.39633
306.72063
308.25124
309.08472
310.36559
311.10162
312.49832
313.77529
315.24164
316.93694
318.44772
319.89570
322.24654
323.83362
325.45099
327.36453
329.20669
330.73349
332.51954
333.70323
334.46942
336.32879
338.07703
339.04264
340.37619
342.13742
343.44712
344.74103
346.63084
348.45794
349.52253
350.50068
352.09582
354.91620
357.39272
359.44579
361.55114
363.86130
366.94802
368.54220
370.81732
372.17419
373.56460
374.65199
375.56853
376.81673
378.68550
379.97974
381.48252
382.62994
383.34082
384.43012
385.52993
386.17613
387.20909
387.96929
388.34699
389.04762
389.63892
390.40659
391.28689
392.46779
393.45154
394.23529
395.57342
397.33844
399.49729
401.35162
403.06904
404.84912
405.86682
408.84114
411.25842
413.49033
415.01004
418.10643

"CHANNEL"	"m10"
"Evt-"
"No comment"
"Memory"

2.40694
6.34557
10.22753
12.45632
14.00754
15.07434
16.41939
17.60014
19.37178
20.63474
22.36499
23.73814
25.13673
26.58703
27.49402
28.18800
28.90493
30.29493
31.94169
34.46584
36.72993
37.76602
38.51614
39.71170
40.29074
41.68129
42.76079
43.45977
44.14139
45.26244
46.51619
48.33538
50.08892
52.08064
53.08394
54.22548
55.02912
56.21634
57.64474
59.37184
60.86302
61.62252
63.31719
64.58382
65.66849
67.25433
68.12714
68.87364
70.64054
72.08798
73.04148
73.81029
74.80103
76.84709
77.63633
78.52899
79.82109
80.61303
81.55598
82.69950
84.80222
85.93513
87.26653
87.93958
89.63975
91.01601
91.85893
92.92454
94.40265
95.31748
98.19944
99.20510
99.98934
100.89812
102.72562
104.57334
105.20172
106.39413
107.48134
108.85978
109.92879
111.15693
112.15063
113.45870
114.40483
115.64578
116.81610
119.14364
120.18509
123.15283
124.13304
126.94662
128.52532
130.38229
132.02283
133.24698
134.61190
136.45944
138.33869
140.05209
142.24663
146.67843
148.63038
150.80474
152.02474
154.48333
158.17974
163.00543
167.72649
170.57493
179.07094
184.44414
185.87979
187.37422
188.52132
189.19103
190.58943
191.47829
192.45579
193.52049
194.45858
195.22592
196.97400
198.44292
200.04334
201.27734
203.05722
204.01732
205.55497
206.92724
207.85144
209.52509
210.66204
212.10853
213.55303
214.64040
216.17884
218.02822
220.06114
221.87574
225.30029
228.35803
232.29110
233.28759
234.21294
235.86034
237.17893
238.94524
241.45583
243.83992
247.38509
248.86712
251.16404
254.85734
259.29540
261.82060
262.56273
264.71569
266.74542
268.38433
270.85640
274.46132
277.97419
279.50763
281.13874
283.52224
286.08754
288.12473
289.71909
292.15924
293.65172
295.71149
297.44304
298.53629
300.36699
302.72739
303.96900
305.50404
306.95709
308.20814
309.12374
310.43873
311.24689
312.51739
313.84324
315.42452
317.17299
319.91993
322.31609
324.02322
325.66109
327.39314
329.31524
330.75204
332.60643
333.84710
334.52662
336.41113
338.03143
339.12948
340.81844
342.20962
343.68183
344.81044
346.67101
348.59812
349.64759
350.75084
352.21353
354.92433
357.36779
359.48354
361.54893
363.92340
367.12002
368.52963
370.90863
372.20483
373.66933
374.69109
375.63164
376.95304
378.73718
380.03034
381.54252
382.77038
383.29772
384.49078
385.52999
386.23503
387.29559
388.40099
389.66129
390.41334
391.47604
392.45509
393.43638
394.37293
395.60599
397.40483
399.61610
401.42583
403.10719
404.94600
405.91643
408.98462
411.32292
415.13929
418.21465

"CHANNEL"	"m11"
"Evt-"
"No comment"
"Memory"

0.14483
0.52724
0.87059
1.23448
1.59114
1.94589
2.28799
2.71079
3.47534
4.29469
4.89769
5.36380
5.75839
6.11223
6.67719
7.54818
8.22649
8.94573
9.42232
10.06663
10.52133
10.99479
11.61494
11.99173
13.73383
14.23464
14.86924
15.43744
15.94458
16.47774
17.12312
17.71323
18.48853
19.15780
19.69194
20.21713
20.92370
21.38409
22.06339
22.49928
24.83699
25.32092
25.72292
26.33034
26.77122
27.68009
28.39339
29.34143
29.81984
30.18928
30.93004
31.40933
32.44013
33.08093
33.47304
34.15038
34.63703
35.20851
35.79532
36.31199
36.73063
37.42123
37.83133
38.16084
38.46594
39.01999
39.56979
40.88583
41.51323
42.54264
42.94809
43.47489
44.30522
44.99874
45.63744
46.63623
47.48753
47.83910
48.30440
48.97993
49.88943
50.42682
51.25655
52.29263
52.72603
53.61090
53.91209
54.44503
55.01568
55.76269
57.18903
58.17924
59.09063
59.59583
59.89643
60.70233
61.07014
61.84092
62.64733
63.10213
63.90133
64.81809
65.91832
66.47613
66.89713
67.73813
68.06269
68.58852
69.46962
69.77141
70.79202
71.52189
71.98883
72.72914
73.43413
74.24348
75.12854
75.50629
76.04979
76.89623
77.56548
77.97492
78.29283
79.24613
79.73329
80.50783
81.29353
81.95573
82.32602
82.66708
83.14279
83.57894
84.95033
85.39712
86.05883
86.40169
87.65903
88.14972
88.48842
89.01230
90.04993
90.66825
91.17794
91.67443
92.69953
93.01379
93.40508
93.75293
94.47279
95.03640
95.68099
97.17024
98.09569
99.14324
99.58193
101.42752
102.10983
102.59073
103.16889
104.02692
104.53059
104.83828
105.14889
105.66513
106.31119
107.12354
107.48303
108.15473
108.46083
109.25738
109.83094
110.34899
111.07369
111.78633
112.12954
113.19588
113.90163
114.83199
115.22923
116.03763
116.56259
117.76353
118.56928
119.09504
120.18448
121.18723
121.49153
121.83970
122.25763
122.77669
123.89155
124.82393
126.47532
127.31112
128.11503
129.04073
129.44033
131.81869
132.15912
133.91704
135.85772
136.70343
137.59828
138.34403
140.49119
142.14384
142.90819
143.41449
143.93369
144.44089
145.25652
145.66019
146.11489
147.09180
147.58882
148.88703
149.22012
149.56773
149.97643
150.71420
151.93510
153.01092
153.56082
154.72418
155.36543
155.77293
156.55700
157.68393
159.06233
159.79229
160.23179
161.68983
163.59359
165.99412
166.52703
167.49612
167.93514
168.52609
169.31989
170.00369
170.45973
171.31112
171.87810
172.18633
173.34682
173.79684
175.39404
175.72304
176.93513
177.90283
178.35443
178.90669
179.60013
181.75969
183.04243
183.37872
184.79693
185.23574
186.03524
186.57439
187.40033
188.44024
190.28592
191.67973
192.33303
193.36582
193.90114
195.97984
197.43539
199.29641
199.90339
200.28019
202.40809
203.91873
204.64079
205.41579
206.34063
207.07819
207.52924
208.66363
209.54863
210.87939
211.72523
213.55803
213.97123
215.24020
217.46439
218.08332
218.57688
219.68458
221.91463
222.75488
223.11623
223.80874
225.06393
225.58602
226.94209
227.29183
227.87629
228.23764
228.89089
229.44250
231.54463
231.92879
232.32638
233.80753
234.90373
235.49633
235.81564
236.43543
237.69483
238.29404
238.62559
239.88974
242.95863
244.15513
244.72998
245.74054
246.21789
247.72622
249.86033
250.65034
253.54410
254.60928
255.86233
256.65809
257.50524
258.03522
258.54274
261.50779
262.44794
262.92689
264.18304
266.02204
266.86058
268.21162
268.52039
269.21849
269.73594
270.67302
272.85483
273.46609
274.10144
275.16873
275.73000
276.34389
276.74920
277.16779
278.00819
278.55012
279.43234
280.05874
280.59273
280.92194
281.40143
281.99790
282.72094
283.96874
284.32143
284.62804
285.16184
285.87600
286.26359
286.91573
287.62188
288.07800
289.77103
290.78668
291.48733
292.73429
293.97154
294.52813
295.13991
296.46592
297.23994
297.56523
298.03854
298.63553
299.12134
299.60711
300.80999
301.37203
302.03352
302.77912
303.09913
303.82082
304.24050
304.80954
305.63964
306.34363
306.95099
310.65533
313.88119
330.03173
333.08099
333.72958
335.10843
339.71844
340.30054
340.84164
341.79120
342.24454
342.92329
343.64453
344.92274
345.56888
346.21962
347.15438
347.87693
348.75702
349.06731
350.38902
350.84423
351.69521
352.38869
353.19863
353.99249
354.38819
354.89293
356.73774
357.23732
359.00322
361.09774
364.53034
367.61538
367.96992
368.54748
369.10968
370.05510
370.65159
372.27143
375.36392
377.26135
378.97629
379.31569
380.20623
380.91783
383.49113
384.57922
386.21172
386.76758
387.68013
388.23444
389.41859
389.91230
391.07413
392.76588
395.28664
395.95092
396.38242
397.57959
398.55013
400.33069
404.12679
407.19799
408.33352
410.37119
415.40262
418.93649
420.24929

