"Generated via Matlab."

"CHANNEL"	"ElB3"
2.87
23.93
35.22
63.55
80.97
86.78
95.89
98.21
108.17
115.8
125.57
142.99
163.28
169.82
177.1
190.1
205.73
222.39
234.65
245.42
250.13
253.21
262.7
275.67
283.83
294.48
300.08
305.89
319.69
324.89
346.9
353.51
359.98
376.18
390.11
412.35
419.03
423.5
428.56
447.98
468.89
470.1
473.11
473.79
476.55
481.03
483.8
484.66
487.37
489.38
490.37
492.2
494.67
496.23
498.62
500.58
502.26
503.17
504.75
507.18
508.79
510.72
511.64
512.43
513.49
514.54
517.94
519.28
520.14
520.9
522.63
523.42
525.29
526.98
528.53
530.35
532.22
533.36
534.98
537.49
538.83
539.86
541.5
543.23
545.58
546.88
548.16
549.37
550.43
552.97
554.25
555.97
557.85
558.88
560.08
561.45
564.63
565.68
568.56
571.08
572.08
573.69
574.7
576.76
577.98
579.05
580.61
581.74
582.95
583.95
585.29
586.64
589.02
590.35
592.23
594.21
595.35
596.9
598.43
599.98
602.52
604.5
605.58
606.95
608.85
610.13
611.18
612.37
613.97
615.56
616.92
618.22
619.68
621.09
622.01
623.54
624.93
627.01
629.14
630.77
632.31
633.92
635.67
638.65
640.27
641.45
643.59
645.57
646.81
648.8
650.73
653.12
656.44
657.84
659.78
661.5
663.22
665.57
667.79
670.05
671.67
672.78
673.95
675.02
676.38
677.88
679.09
680.38
684.02
686.55
690.3
695.7
698.15
700.83
703.42
705.93
707.98
710.95
713.81
717.06
718.49
719.82
722.07
724.39
726.26
728.7
730.33
733.01
735.29
738.67
741.78
744.09
747.46
748.71
750.76
753.19
755.68
758.8
760.2
761.57
763.03
766.03
768.12
771.29
775.54
779.78
783.66
786.08
790.52
792.23
794.7
797.46
799.62
805.35
807
808.86
811.45
814.31
817.7
820.45
822.87
824.88
826.96
828.95
829.81
832.43
836.77
838.47
841.3
844.76
848.29
851.13
854.07
856.18
861.41
869.03
871.77
876.76
881.32
887.18
893.92
896.08
897.96
904.68
909.58
912.73
924.04
929.63
947.98
952.19
955.72
958.89
967.07
970.93
976.36
982.37
986.25
988.11
989.91
992.33
995.3
1000.11
1001.69
1003.23
1005.69
1007.99
1022.1
1028.97
1031.27
1034.38
1039.23
1043.1
1046.46
1051.17
1052.15
1055.12
1061.77
1063.37
1065.42
1067.66
1070.11
1072.99
1074.69
1077.06
1080.39
1082.72
1084.58
1087.03
1090.03
1091.95
1093.3
1098.44
1101.06
1105.14
1108.66
1110.48
1113
1114.53
1116.05
1117.35
1119.87
1123.1
1125.47
1136.87
1142.09
1146.02
1149.63
1153.65
1159.72
1161.4
1163.31
1165.89
1168.21
1173.73
1179.28
1182.41
1192.56
1195.36
1196.84
1198.83
1201.87
1207.39
1210
1211.57
1214.4
1217.57
1220.04
1222.46
1224.92
1227.66
1231.19
1236.2
1241.89
1246.77
1253.44
1257.14
1261.86
1266.58
1268.59
1272.92
1278.87
1285.01
1289.56
1293.95
1297.11
1299.03
1301.72
1306.86
1311.09
1313.89
1317.55
1320.72
1323.74
1328.27
1331.87
1333.59
1335.97
1337.49
1340.46
1345.45
1347.45
1350.17
1356.85
1360.02
1364.57
1367.74
1372.45
1374.32
1375.29
1378.21
1394.61
1397.78
1407.32
1410.56
1414.46
1416.78
1422.21
1429.9
1432.39
1434.85
1439.63
1443.72
1445.46
1450.61
1452.89
1458.58
1466.08
1472.01
1475.63
1479.08
1483.08
1486.4
1488.04
1489.96
1492.22
1493.99
1495.9
1498.54
1502.06
1504.66
1507.22
1508.95
1511.16
1512.89
1515.95
1520.68
1523.77
1530.26
1533.92
1536.95
1541.99
1546.61
1553.47
1555.03
1556.17
1558.53
1564.9
1572.54
1575.82
1578.69
1580.86
1586.34
1591.23
1592.69
1595.04
1597.88
1599.65
1601.25
1603.33
1606.9
1609.07
1612.62
1614.95
1620.68
1625.06
1626.85
1629.57
1634.36
1636.65
1642.17
1645.01
1654.69
1658.73
1662.3
1666.73
1668.53
1673.46
1675.85
1676.94
1679.55
1684.71
1688.65
1692.1
1695.54
1698.75
1700.54
1702.1
1703.87
1706.52
1708.14
1709.7
1711.8
1714.29
1716.63
1718.76
1720.81
1723.97
1725.93
1728.56
1731.06
1733.4
1734.99
1737.83
1739.43
1741.93
1744.81
1746.8
1749.69
1751.41
1755.31
1757.54
1761.43
1763.94
1765.8
1768.56
1770.57
1773.24
1775.93
1778.49
1780.83
1782.91
1785.9
1789.22
1791.33
1794.15
1797.16
1799.83
1801.83
1805.74
1807.23
1808.67
1811.56
1814.7
1817.82
1821.43
1823.97
1827.39
1830.13
1834.41
1837.93
1841.48
1847.6
1852.43
1856.55
1862.28
1867.15
1870.32
1874.88
1880.07
1885.18
1889.73
1893.06
1895.65
1897.02
1900.19
1903.44
1906.8
1909.48
1912.3
1917.19
1918.77
1921.37
1923.87
1926.24
1930.51
1933.39
1935.54
1940.52
1942.52
1945.06
1947.57
1951.29
1953.53
1956.24
1958.41
1961.05
1963.74
1966.55
1968.2
1970.55
1973.73
1976.17
1978.91
1981.22
1983.18
1985.08
1987.64
1990.55
1995.79
2000.75
2005.04
2008.19
2010.18
2012.85
2015.53
2017.03
2019.4
2021.67
2023.52
2025.36
2027.36
2029.92
2032.46
2035.48
2038.96
2042.19
2045.61
2047.96
2052.15
2054.48
2057.39
2059.72
2062.19
2064.01
2065.53
2067.27
2070.72
2074.48
2077.99
2081.55
2084.19
2087.54
2089.83
2092.91
2096.1
2099.27
2102.31
2104.57
2108.24
2109.47
2111.58
2114.41
2116.21
2118.5
2122.42
2124.25
2125.86
2127.73
2128.79
2130.99
2132.96
2135.09
2136.93
2139.3
2141.52
2144.57
2147.59
2150.11
2151.99
2154.47
2156.94
2158.62
2160.66
2163.19
2164.75
2166.82
2169.75
2172.3
2174.23
2176.5
2180.64
2185.93
2189.77
2192.76
2195.14
2196.62
2198.4
2200.01
2201.9
2204.6
2207.91
2209.36
2211.75
2213.04
2214.29
2216.46
2220.25
2222.97
2225.36
2230.44
2236.6
2240.15
2243.53
2246.37
2248.39
2250.4
2252.53
2254.6
2256.79
2260.07
2263.7
2267.13
2271.94
2276.02
2278.77
2284.93
2287.46
2290.31
2292.04
2294.77
2296.39
2297.69
2299.14
2301.34
2303.53
2306.83
2308.56
2311.08
2313.64
2315.96
2318.44
2321.6
2324.24
2328.09
2331.04
2333.56
2336.42
2339.66
2343.17
2344.32
2346
2348.53
2351.34
2352.65
2353.52
2355.71
2358.76
2363.01
2366.12
2368.65
2371.29
2375.04
2377.76
2380.4
2383.29
2385.39
2387.58
2389.19
2390.56
2391.92
2394.09
2395.89
2397.24
2398.87
2400.78
2402.48
2403.88
2404.8
2406.36
2407.12
2408.61
2410.72
2411.63
2413.92
2415.85
2417.9
2420.08
2422.86
2425.09
2427.05
2428.38
2429.9
2431.39
2433.12
2435.86
2439.46
2441.72
2443.47
2445.91
2449.08
2450.02
2452.73
2456.35
2458.84
2461.42
2464.2
2467.22
2469.06
2470.27
2472.76
2476.77
2479.78
2482.66
2484.36
2486.85
2488.81
2492.92
2494.73
2496
2499.28
2501.77
2505.31
2509.2
2511.67
2514.13
2516.94
2519.22
2523.7
2526.97
2529.45
2532.01
2534.92
2537.91
2541.48
2542.96
2544.44
2545.86
2548.18
2550.62
2552.55
2554.85
2556.99
2559.93
2562.95
2565.54
2569.33
2572.96
2575.15
2577.23
2578.77
2580.61
2582.3
2584.48
2586.96
2589.22
2591.65
2594.84
2600.1
2603.69
2606.18
2608.24
2610.61
2613.91
2616.4
2618.42
2620.51
2622.92
2625.71
2628.01
2630.82
2634.53
2639.31
2642.95
2645.83
2647.39
2648.78
2651.7
2655.14
2658.13
2660.72
2664.63
2666.34
2668.92
2671.25
2674.04
2676.42
2679.44
2680.05
2682.05
2683.41
2685.5
2688.08
2690.44
2692.09
2694.11
2696.22
2699.09
2701.79


"CHANNEL"	"ElC4"
0.3
2.47
17.32
24.61
32.9
34.91
41.74
51.82
55.07
57.73
62.53
65.7
72.71
74.04
78.69
84.93
87.82
108.76
112.71
115.16
126.47
138.59
147.75
155.15
157.51
163.46
175.94
183.84
186.75
193.63
196.8
200.89
216.47
219.65
221.07
224.84
228.14
232.4
235.86
242.46
244.94
250.41
253.15
257.65
264.22
266.54
270.97
275.15
281.95
288.04
293.51
298.37
304.04
306.28
309.54
325.19
337.29
343.08
347.14
353.21
359.51
366.86
371.1
381.96
391.01
393.89
396.18
398.37
408.19
412.22
417.63
423.01
426.03
428.46
438.23
445.59
449.93
464.89
466.57
469.13
470.49
479.47
484.07
485.73
487.93
490.49
493.58
494.86
496.21
497.87
498.56
499.32
500.46
501.3
502.09
503.06
504.16
504.74
505.55
506.04
506.87
507.81
508.63
510.46
511.28
511.95
512.64
513.58
514.56
516.37
517.91
519.17
520.03
520.82
521.53
522.6
523.35
524.4
525.32
526.77
528.46
530.06
531.69
532.2
533.05
534.12
534.62
535.76
537.08
538.65
539.6
541.29
542.93
544.13
545.16
546.74
547.85
549.16
550.26
551.18
552.49
552.92
553.52
555.7
556.97
558.49
559.86
561.02
562.01
563.65
564.42
565.36
566.53
567.58
568.43
569.42
570.84
571.94
573.49
574.63
575.78
576.64
577.88
579
580.53
581.66
582.86
584.65
585.61
587.57
588.9
589.86
592.17
594.1
595.79
596.99
598.64
600.81
602.65
604.51
605.43
607.06
608.97
610.02
612.52
614.44
615.82
618.2
619.64
621.07
622.14
623.47
624.91
626.03
627.08
629.18
630.89
632.42
633.87
635.68
638.68
640.33
641.52
643.65
645.67
646.99
648.92
650.99
653.79
656.43
657.91
659.72
661.59
663.36
665.65
667.86
670.1
671.77
672.91
674
675.12
676.43
677.88
681.01
681.54
686.79
690.48
695.73
698.62
701
703.62
705.94
708.18
710.48
713.73
716.72
718.65
719.84
722.02
724.61
728.52
733.2
735.22
737.71
741.98
744.46
747.37
750.53
755.97
759.4
762.25
765.98
771.15
775.45
779.71
786.53
790.01
795.17
797.53
802.24
804.82
806.87
808.97
811.59
814.14
815.95
817.97
821.58
824.9
827.05
829.13
830
832.25
841.36
844.82
850.7
855.96
861.59
866.8
869.09
871.62
874.55
876.34
883.63
891.95
898.16
902.88
904.14
905.67
911.69
913.16
924.32
928.71
930.53
939.04
942.56
946.27
952.4
958.06
965.18
973.16
977.48
981.12
990.04
992.57
995.51
996.72
997.84
999.36
1000.03
1000.68
1001.17
1001.75
1002.33
1003.25
1004.98
1008.09
1021.04
1025.05
1027.63
1031.25
1035.22
1044.35
1048.53
1052.46
1055.37
1060.02
1061.95
1064
1066.1
1073.42
1074.96
1082.75
1086.98
1090.41
1093.54
1096.69
1102.15
1105.26
1108.54
1115.39
1119.46
1123.36
1125.54
1136.96
1140.86
1144.44
1145.88
1147.99
1153.27
1156.34
1157.82
1161
1163.53
1164.82
1165.96
1167.81
1173.31
1176.7
1179.32
1182.08
1185.93
1190.69
1195.34
1196.88
1198.42
1200.91
1204.7
1207.19
1211.56
1214.5
1216.99
1220.49
1222.29
1223.68
1227.4
1232.88
1238.47
1241.01
1245.93
1248.92
1251.51
1257.23
1261.72
1265.3
1266.42
1268.4
1271.36
1272.83
1274.44
1278.07
1285.39
1288.51
1292.84
1293.98
1294.78
1297.12
1303.76
1311.74
1315.37
1317.95
1320.74
1324.05
1328.06
1331.59
1333.56
1336.01
1337.48
1339.01
1340.38
1345.01
1347.3
1349.65
1356.89
1361.34
1364.4
1371.18
1374.14
1375.26
1377.91
1386.96
1393.29
1397.42
1407.09
1407.76
1410.39
1413.21
1414.31
1416.72
1418.46
1421.58
1426.62
1429.38
1434.88
1436.07
1438.06
1443.99
1450.53
1455.69
1458.12
1464.18
1469.72
1475.51
1479.41
1480.2
1482.92
1486.37
1487.97
1489.55
1492.16
1493.88
1495.62
1497
1497.79
1498.53
1499.17
1500.12
1500.96
1501.97
1504.04
1507.06
1508.89
1511.09
1512.94
1516.83
1525.65
1527.01
1527.81
1530.64
1533.32
1536.46
1539
1541.75
1544.3
1546.08
1551.72
1553.52
1554.92
1556.14
1558.57
1562.04
1565.25
1569.24
1572.07
1574.49
1578.45
1581.41
1586.31
1587.75
1590.09
1592.56
1594.57
1597.7
1600.95
1603.19
1604.64
1606.78
1609.04
1612.48
1614.66
1620.28
1624.09
1626.38
1628.5
1630.71
1632.15
1634.31
1636.12
1641.54
1642.06
1644.52
1654.34
1658.21
1662.57
1666.71
1668.22
1673.44
1675.77
1676.79
1679.36
1683.98
1685.33
1687.27
1692.08
1694.55
1698.65
1700.35
1701.93
1703.69
1706.02
1707.96
1709.47
1711.49
1712.33
1714.15
1716.34
1718.79
1721.2
1723.8
1725.88
1728.38
1730.9
1733.4
1734.9
1737.66
1739.13
1741.23
1744.68
1747
1747.9
1749.56
1751.45
1752.66
1755.12
1757.67
1761.31
1763.9
1765.59
1768.28
1770.56
1773.05
1775.33
1775.98
1778.28
1780.65
1782.73
1785.45
1788.95
1791.05
1793.73
1797.04
1799.54
1801.85
1803.99
1805.57
1807.04
1808.51
1809.33
1811.37
1813.65
1817.63
1820.99
1823.02
1827.03
1829.04
1834.01
1837.95
1841.43
1847.01
1851.88
1857.29
1862.06
1866.73
1869.77
1871.91
1874.3
1879.79
1884.82
1889.12
1892.96
1895.04
1896.62
1899.63
1902.97
1905.34
1906.21
1909.3
1912.26
1917.03
1918.68
1921.13
1923.72
1926.2
1928.56
1930.32
1932.92
1935.27
1937.45
1940.38
1942.59
1944.9
1947.27
1950.58
1953.41
1955.85
1958.3
1960.75
1964.22
1966.45
1967.82
1970.23
1973.56
1976.03
1978.74
1981.12
1982.98
1984.98
1987.53
1990.72
1995.68
2000.1
2004.68
2008.1
2010.04
2012.57
2015.48
2016.9
2019.3
2021.51
2023.3
2025.18
2027.22
2029.74
2032.35
2034.89
2038.45
2042.26
2045.52
2048.15
2049.91
2052.04
2054.37
2057.17
2059.84
2062.1
2063.87
2065.42
2067.69
2070.62
2074.42
2078.49
2081.16
2084.27
2087.48
2089.84
2092.59
2096.1
2099.12
2102.32
2104.79
2108.22
2109.29
2111.47
2114.23
2116.14
2118.55
2122
2122.35
2124.02
2124.86
2126.12
2128.97
2129.9
2130.71
2131.25
2132.45
2133.08
2134.83
2136.82
2139.02
2141.28
2144.06
2147.41
2150.02
2151.96
2154.37
2156.88
2158.56
2160.48
2163.01
2164.72
2167.1
2169.74
2172.04
2174.3
2176.53
2180.81
2184.68
2189.76
2191.12
2192.49
2195.22
2196.59
2198.31
2199.99
2201.89
2204.64
2207.84
2209.33
2211.59
2212.92
2214.79
2216.45
2219.74
2222.89
2225.71
2230.07
2236.32
2239.87
2243.68
2246.36
2248.81
2252.48
2254.9
2260.28
2263.04
2267.19
2271.83
2275.93
2278.98
2283.78
2287.56
2289.82
2291.86
2293.24
2294.69
2296.18
2297.48
2299.49
2301.23
2303.38
2306.63
2308.44
2310.78
2313.52
2315.86
2317.95
2321.38
2324.17
2328.08
2330.64
2333.22
2336.53
2339.48
2343.06
2344.2
2345.89
2348.5
2350.96
2352.49
2353.38
2355.53
2358.82
2362.96
2365.55
2368.5
2371.13
2374.94
2377.21
2380.68
2381.5
2383.1
2385.11
2387.36
2388.75
2390.46
2391.73
2393.99
2395.69
2397.08
2398.62
2400.62
2402.31
2403.74
2404.72
2406.02
2407.03
2408.64
2410.8
2413.97
2415.81
2418
2420.05
2422.74
2425
2427.02
2428.31
2429.94
2431.35
2432.86
2435.8
2439.59
2441.82
2443.38
2445.77
2447.36
2449.84
2453.29
2456.37
2458.99
2461.68
2464.54
2467.24
2469.03
2470.23
2472.83
2477.16
2480.01
2484.17
2486.8
2488.45
2492.84
2495.77
2499.3
2501.57
2505.53
2509.54
2511.68
2514.07
2516.98
2519.18
2520.92
2523.93
2526.6
2529.61
2531.91
2534.53
2538.32
2541.37
2542.84
2544.39
2545.8
2548.06
2550.55
2552.5
2554.79
2556.89
2560.22
2562.95
2565.56
2569.22
2572.9
2575.12
2577.43
2578.74
2580.53
2582.14
2584.37
2586.87
2589.03
2590.97
2591.93
2594.25
2596.98
2599.72
2603.62
2605.97
2608.13
2610.59
2613.87
2616.18
2618.21
2620.58
2622.71
2625.55
2626.63
2627.78
2628.35
2630.6
2634.39
2638.86
2642.43
2645.72
2647.86
2651.63
2652.49
2654.99
2656.91
2657.48
2658.08
2660.3
2664.82
2666.13
2668.81
2671.12
2671.79
2674.11
2676.24
2677.83
2679.5
2682.16
2683.34
2685.17
2688.01
2690.3
2691.76
2694.08
2696.25
2699.19
2702.02


"CHANNEL"	"ElB5"
0.15
2.66
5.23
8.13
14.96
20.91
23.49
24.62
26.46
27.88
30.76
34.73
38.53
41.95
43.93
48.26
50.94
53.8
55.69
56.59
60.53
64.11
66.98
69.93
73.9
75.81
83.47
85.89
89.53
94.1
95.82
100.66
103.08
107.17
110.81
112.24
114.71
119.12
126.57
128.21
130.35
132.9
136
137.48
139.58
144.49
147.74
150.55
153
154.27
155.57
159.23
163.67
168.38
171.9
175.04
176.92
178.51
182.19
184.27
185.98
188.02
191.3
196.5
200.12
202.28
204.83
206.79
209.55
211.92
214.33
217.54
222.57
226.22
228.76
231.33
236.41
240.6
241.71
243.07
247.94
254.44
257.17
259.46
264.34
265.56
269.03
271.63
273.07
274.71
278.07
279.54
281.64
283.6
288.54
290.9
296.79
302.6
304.66
308.43
311.86
314.92
316.3
317.63
320.68
324.37
327.38
330.07
334.13
337.07
342.64
345.14
352.9
357.07
362.24
365.24
368.25
373.05
377.33
379.57
381.32
384.92
387.54
390.76
393.68
400.45
402.19
405.38
410.44
412.68
414.98
417.97
421.97
423.98
425.84
426.92
428.83
432.82
437.46
441.79
443.39
444.03
446.58
447.49
448.69
451.12
452.63
454.54
455.65
457.45
460.25
461.54
462.71
463.33
464.31
464.92
466.32
467.41
469.4
470.49
471.35
472.5
474.89
475.78
476.96
478.4
479.89
481.09
482.41
483.84
484.63
485.27
486.34
487.73
488.71
490.3
491.02
491.81
493.77
494.79
496.27
497.98
499.01
499.78
501.42
503.22
504.9
506.3
508.05
510.8
512.47
513.46
514.65
515.42
517.17
518.26
520.87
522.54
523.41
524.31
525.38
526.99
528.7
530.53
532.28
533.24
535.04
536.01
537.46
540.07
541.65
543.01
544.41
545.44
546.95
548.12
549.5
550.5
551.66
552.74
554.28
555.96
557.37
558.94
560.19
562.18
563.06
563.89
564.84
566.64
567.79
569.76
571.21
572.21
573.73
574.73
576.18
578.18
579.44
580.72
581.94
583.18
584.16
585.31
587.8
588.86
590.42
592.41
593.12
595.99
598.39
601.02
602.72
604.62
607.13
609.04
610.36
611.49
612.58
614.47
616.89
618.31
619.77
621.11
622.2
623.59
625.14
626.19
627.11
629.2
630.84
632.44
633.95
635.91
637.99
640.17
641.69
643.58
645.76
647.1
649.13
653.45
656.48
657.97
659.95
661.49
663.41
665.71
667.86
670.1
671.89
673.02
674.04
675.25
676.6
678.01
679.86
684.36
686.7
689.2
692.64
694.76
697.73
700.56
702.86
706.03
708.16
709.96
710.85
713.41
716.04
718.46
719.84
721.99
724.11
726.25
728.88
730.55
732.85
735.4
738.21
739.82
741.85
743.91
747.73
751.68
753.13
755.25
759.42
763.09
765.83
767.62
768.83
771.14
773.29
775.34
776.83
779.1
783.72
786.17
788.77
789.59
792.64
796.8
800.51
802.06
804.6
806.9
808.29
810.57
811.85
813.72
815.83
818.01
820.04
822.08
823.16
825.24
826.96
828.2
828.92
829.96
831.6
834.56
837.73
838.76
840.88
841.96
843.1
844.38
850.64
852.16
853.49
855.1
858.31
862
864.08
866.59
869.01
871.05
873.6
876.37
881.08
882.23
886.32
889.85
893.48
899.42
903.96
905.99
907.74
909.71
911.01
912.38
915.23
916.21
917.34
918.68
921.66
925.29
926.85
928.05
929.72
939.25
942.14
947.58
950.51
953.06
955.17
959.4
962.33
963.86
966.61
970.29
972.52
973.5
975.17
979.77
982.16
984
986.16
988.41
989.76
990.93
992.48
995.53
996.95
999.45
1000.6
1003.42
1005
1006.37
1007.8
1012.62
1017.17
1022
1026.79
1028.51
1031.14
1033.08
1034.3
1039.08
1041.8
1044.12
1046.55
1048.47
1049.88
1051.51
1054.6
1057.68
1059.74
1061.5
1063.88
1067
1069.23
1072.81
1074.84
1078.48
1080.47
1082.71
1084.28
1086.81
1087.65
1090.11
1092.36
1098.73
1102.25
1105.65
1108.93
1112.23
1116.07
1117.93
1119.19
1120.66
1122.61
1125.04
1131.48
1134.37
1135.99
1141.31
1144.11
1149.2
1150.2
1154.28
1157.37
1159.93
1162.81
1164.59
1166.17
1167.56
1169.86
1172.78
1175.55
1177.61
1179.14
1181.43
1190.3
1192.91
1195.37
1196.97
1198.19
1200.47
1201.83
1204.82
1206.74
1209.03
1211.66
1213.88
1217.2
1219.94
1222.43
1223.78
1227.3
1232.83
1235.98
1238.81
1241.88
1245.74
1247.49
1248.93
1250.99
1255.34
1260.27
1261.68
1263.62
1266.67
1268.25
1270.88
1272.82
1274.99
1277.86
1283.9
1285.42
1288.34
1289.2
1291.23
1293.68
1296.55
1299.16
1302.77
1309.02
1313.07
1317.6
1320.94
1323.46
1328.09
1330.43
1332.61
1333.66
1336.01
1337.61
1339.1
1342.48
1345.04
1349.12
1355.69
1360.05
1363.65
1366.48
1371.53
1374.09
1378.12
1385.56
1387.59
1390.89
1393.97
1397.54
1400.87
1402.98
1407.2
1410.13
1414.22
1416.28
1418.95
1421.31
1425.26
1429.05
1432.41
1435.17
1439.15
1441.54
1443.58
1449.36
1452.76
1455.53
1458.01
1461.34
1465.17
1470.06
1472.35
1474.59
1478.9
1483.15
1484.39
1486.4
1487.94
1489.6
1492.2
1494.08
1495.65
1498.05
1500.94
1502.18
1504.58
1507.26
1509.02
1510.5
1511.45
1512.82
1516.42
1518.8
1520.76
1527.07
1527.92
1530.39
1533.86
1536.39
1538.86
1541.03
1545.58
1551.65
1553.59
1555.05
1558.43
1561.91
1564.52
1569.39
1571.78
1575.9
1578.08
1581.24
1586.23
1587.77
1589.01
1590.51
1592.53
1594.52
1597.49
1599.41
1600.97
1603.16
1604.64
1606.79
1608.71
1611.1
1612.44
1614.85
1620.13
1624.1
1626.57
1628.54
1634.65
1636.56
1638.66
1639.5
1642.14
1644.95
1650.74
1654.35
1658.68
1662.03
1663.89
1665.9
1669.29
1671.31
1673.44
1675.77
1677.11
1679.15
1683.89
1687.9
1692.08
1694.88
1698.75
1700.61
1702.15
1703.92
1706.25
1708.04
1709.62
1711.86
1714.19
1716.82
1718.83
1721.08
1723.16
1726.02
1728.8
1731.07
1733.6
1737.39
1739.19
1742.06
1744.74
1747.19
1748.06
1749.72
1751.63
1754.92
1757.39
1761.39
1764.04
1768.11
1770.3
1772.43
1774.68
1775.46
1778.4
1780.52
1784.83
1788.31
1792.76
1797.07
1799.57
1801.71
1803.87
1805.79
1806.95
1808.42
1809.42
1811.44
1813.66
1816.91
1818.43
1821.24
1824.11
1827.3
1829.24
1833.18
1835.2
1837.51
1841.19
1844.26
1846.63
1849.06
1851.15
1857.2
1861.94
1863.97
1865.98
1867.36
1869.56
1873.9
1878.92
1884.3
1888.47
1891.35
1893.22
1895.02
1896.74
1899.37
1902.53
1905.96
1909.38
1911.99
1914.63
1916.74
1918.81
1921.13
1923.68
1926.14
1927.38
1928.55
1930.68
1933.48
1935.25
1937.04
1940.41
1942.33
1944.91
1947.01
1950.72
1953.55
1955.91
1958.45
1960.99
1964.97
1966.61
1967.89
1970.08
1973.6
1976.11
1978.76
1981.08
1983.08
1984.82
1987.86
1990.59
1995.79
2000.62
2004.65
2008.26
2010.2
2012.61
2015.72
2019.35
2021.65
2025.33
2027.36
2029.79
2032.32
2034.98
2038.59
2041.62
2043.1
2045.25
2048.59
2051.4
2054.37
2056.84
2059.87
2062.13
2063.93
2065.51
2067.09
2070.22
2074.27
2077.89
2081.21
2083.78
2087.48
2089.75
2092.26
2096.16
2098.23
2102.31
2104.08
2107.93
2111.41
2114.32
2116.22
2118.73
2122.48
2124.34
2125.76
2127.66
2128.67
2129.5
2131.21
2133.08
2134.86
2136.87
2139.12
2141.23
2144.04
2146.91
2150.22
2154.35
2156.61
2158.61
2160.39
2161.97
2163.29
2164.74
2167.52
2172.26
2174.37
2176.34
2181.07
2183.84
2189.67
2191.16
2192.48
2195.01
2196.61
2198.37
2200.05
2201.79
2204.01
2207.79
2209.32
2210.8
2211.7
2213.16
2214.51
2216.66
2219
2222.97
2224.98
2229.37
2231.99
2234.72
2239.34
2240.85
2243.17
2246.49
2247.83
2249.44
2250.4
2252.34
2254.34
2256.23
2259.55
2260.43
2262.79
2266.64
2268.03
2269
2271.81
2275.96
2278.05
2283.46
2287
2289.81
2292.06
2293.33
2295.68
2296.45
2297.65
2298.52
2299.68
2301.26
2303.38
2306.85
2308.1
2310.86
2312.77
2315.83
2318.48
2321.36
2324.03
2327.73
2331.08
2333.56
2336.76
2339.35
2342.86
2346.14
2348.2
2351.1
2352.35
2353.62
2355.41
2359.11
2362.76
2365.91
2368.56
2370.89
2375.02
2377.36
2380.94
2383.21
2385.41
2387.6
2389.15
2390.67
2392.06
2394.15
2395.81
2397.27
2398.95
2400.85
2402.54
2403.83
2404.93
2406.44
2408.92
2410.85
2414.29
2418.33
2419.93
2422.29
2425.27
2427.12
2428.48
2429.97
2431.39
2433.28
2435.98
2439.58
2441.69
2443.59
2446.07
2449.53
2453.14
2455.86
2458.39
2461.48
2463.94
2467.15
2469.07
2470.38
2472.91
2476.26
2477.31
2479.68
2482.51
2484.47
2486.75
2488.99
2492.16
2495.23
2497.21
2499.22
2501.39
2505.27
2506.9
2507.62
2509.85
2511.59
2513.41
2514.99
2517.03
2519.13
2522.63
2524.07
2525.39
2527.25
2529.68
2531.39
2535.18
2537.73
2541.19
2542.92
2544.34
2545.85
2547.81
2550.64
2552.3
2554.78
2559.73
2563.2
2565.56
2569.1
2572.81
2575.2
2577.49
2580.4
2582.33
2584.22
2586.72
2589.24
2592.11
2595.18
2596.98
2599.24
2603.51
2605.38
2608.33
2610.73
2613.87
2616.04
2618.65
2620.62
2622.69
2625.11
2628.02
2630.51
2634.43
2636.94
2638.62
2642.18
2645.77
2647.92
2651.39
2654.88
2657.63
2660.51
2664.27
2666.43
2668.83
2671.34
2674.03
2676.42
2677.95
2679.4
2682.13
2685.48
2688.09
2690.45
2691.75
2692.43
2693.95
2696.12
2699.16
2701.87


